0.392161 4665
0.392161 4664
0.392161 4663
0.39207 4662
0.39207 4661
0.39207 4660
0.39207 4659
0.39207 4658
0.39207 4657
0.39207 4656
0.39207 4655
0.39207 4654
0.39207 4653
0.39207 4652
0.39207 4651
0.39207 4650
0.39207 4649
0.39207 4648
0.39207 4647
0.39207 4646
0.391883 4645
0.391883 4644
0.391883 4643
0.391883 4642
0.391883 4641
0.391883 4640
0.391883 4639
0.391883 4638
0.391883 4637
0.391883 4636
0.391883 4635
0.391883 4634
0.391883 4633
0.391883 4632
0.391883 4631
0.391883 4630
0.391883 4629
0.391883 4628
0.391883 4627
0.391883 4626
0.391883 4625
0.391883 4624
0.391883 4623
0.391883 4622
0.391883 4621
0.391836 4620
0.391836 4619
0.391836 4618
0.391836 4617
0.391836 4616
0.39159 4616
0.39159 4615
0.39159 4614
0.391338 4614
0.391338 4613
0.391338 4612
0.391338 4611
0.391338 4610
0.391338 4609
0.391156 4608
0.391156 4607
0.391156 4606
0.391156 4605
0.391156 4604
0.391156 4603
0.391156 4602
0.391156 4601
0.390988 4600
0.390988 4599
0.390988 4598
0.390988 4597
0.390988 4596
0.390988 4595
0.390988 4594
0.390988 4593
0.390988 4592
0.390988 4591
0.390988 4590
0.390988 4589
0.390988 4588
0.390988 4587
0.390988 4586
0.390988 4585
0.390988 4584
0.390988 4583
0.390988 4582
0.390411 4581
0.390411 4580
0.390217 4580
0.390217 4579
0.390217 4578
0.390217 4577
0.390217 4576
0.390217 4575
0.390217 4574
0.390208 4573
0.390208 4572
0.390208 4571
0.390208 4570
0.390208 4569
0.390208 4568
0.390179 4567
0.390179 4566
0.390179 4565
0.390179 4564
0.390179 4563
0.389365 4562
0.389365 4561
0.389365 4560
0.389087 4559
0.389087 4558
0.389087 4557
0.389087 4556
0.389087 4555
0.389087 4554
0.389087 4553
0.389087 4552
0.389087 4551
0.389087 4550
0.389087 4549
0.389087 4548
0.389087 4547
0.389087 4546
0.38813 4545
0.38813 4544
0.38813 4543
0.38813 4542
0.38813 4541
0.38813 4540
0.38813 4539
0.38813 4538
0.38813 4537
0.38813 4536
0.38813 4535
0.38813 4534
0.38813 4533
0.38813 4532
0.38813 4531
0.38813 4530
0.38813 4529
0.38813 4528
0.38813 4527
0.388003 4526
0.388003 4525
0.388003 4524
0.388003 4523
0.388003 4522
0.388003 4521
0.388003 4520
0.388003 4519
0.388003 4518
0.388003 4517
0.388003 4516
0.388003 4515
0.388003 4514
0.388003 4513
0.388003 4512
0.388003 4511
0.388003 4510
0.388003 4509
0.388003 4508
0.388003 4507
0.388003 4506
0.388003 4505
0.388003 4504
0.388003 4503
0.388003 4502
0.388003 4501
0.388003 4500
0.388003 4499
0.388003 4498
0.388003 4497
0.388003 4496
0.388003 4495
0.388003 4494
0.388003 4493
0.388003 4492
0.388003 4491
0.388003 4490
0.388003 4489
0.388003 4488
0.388003 4487
0.388003 4486
0.388003 4485
0.388003 4484
0.388003 4483
0.388003 4482
0.388003 4481
0.388003 4480
0.388003 4479
0.388003 4478
0.388003 4477
0.387496 4476
0.387496 4475
0.387496 4474
0.387496 4473
0.387496 4472
0.387496 4471
0.387496 4470
0.387496 4469
0.387496 4468
0.387496 4467
0.387496 4466
0.387496 4465
0.387496 4464
0.387496 4463
0.387466 4462
0.387466 4461
0.387466 4460
0.387466 4459
0.387466 4458
0.387466 4457
0.387466 4456
0.387466 4455
0.387466 4454
0.387466 4453
0.387466 4452
0.38739 4451
0.38739 4450
0.38739 4449
0.38739 4448
0.38739 4447
0.38739 4446
0.38739 4445
0.387363 4444
0.387363 4443
0.387363 4442
0.387363 4441
0.387363 4440
0.387363 4439
0.387363 4438
0.387363 4437
0.387363 4436
0.387363 4435
0.387363 4434
0.387363 4433
0.387363 4432
0.387363 4431
0.387363 4430
0.387363 4429
0.387363 4428
0.387363 4427
0.387363 4426
0.387363 4425
0.387363 4424
0.387363 4423
0.387363 4422
0.387363 4421
0.387363 4420
0.387363 4419
0.387363 4418
0.387363 4417
0.387363 4416
0.38702 4415
0.38702 4414
0.38702 4413
0.38702 4412
0.38702 4411
0.38702 4410
0.38702 4409
0.38702 4408
0.38702 4407
0.38702 4406
0.38702 4405
0.38702 4404
0.38702 4403
0.38702 4402
0.386965 4402
0.386965 4401
0.386965 4400
0.386965 4399
0.386965 4398
0.386965 4397
0.386965 4396
0.386965 4395
0.386965 4394
0.386965 4393
0.386965 4392
0.386743 4391
0.386743 4390
0.386743 4389
0.386743 4388
0.386743 4387
0.386743 4386
0.386743 4385
0.386743 4384
0.386743 4383
0.386743 4382
0.386743 4381
0.386743 4380
0.386743 4379
0.386743 4378
0.386743 4377
0.386743 4376
0.386743 4375
0.386743 4374
0.386743 4373
0.386743 4372
0.386743 4371
0.386743 4370
0.386743 4369
0.386743 4368
0.386743 4367
0.386059 4366
0.386059 4365
0.386059 4364
0.386059 4363
0.386059 4362
0.386059 4361
0.386059 4360
0.386059 4359
0.386059 4358
0.386059 4357
0.386059 4356
0.386059 4355
0.386059 4354
0.386059 4353
0.386059 4352
0.386059 4351
0.386059 4350
0.386059 4349
0.386059 4348
0.386059 4347
0.386059 4346
0.386059 4345
0.386059 4344
0.385874 4344
0.385874 4343
0.385874 4342
0.385874 4341
0.385874 4340
0.385712 4340
0.385712 4339
0.385712 4338
0.385712 4337
0.385712 4336
0.385712 4335
0.385712 4334
0.385712 4333
0.385712 4332
0.385712 4331
0.385712 4330
0.385712 4329
0.385712 4328
0.385712 4327
0.385712 4326
0.385712 4325
0.385712 4324
0.385712 4323
0.385712 4322
0.385712 4321
0.385676 4320
0.385676 4319
0.385676 4318
0.385528 4318
0.385528 4317
0.385528 4316
0.385528 4315
0.385528 4314
0.385528 4313
0.385528 4312
0.385528 4311
0.385528 4310
0.385528 4309
0.385528 4308
0.385528 4307
0.385528 4306
0.385528 4305
0.385528 4304
0.385528 4303
0.385528 4302
0.385528 4301
0.385528 4300
0.385443 4299
0.385443 4298
0.385424 4297
0.385424 4296
0.385424 4295
0.384737 4295
0.384737 4294
0.384737 4293
0.384494 4292
0.384494 4291
0.384494 4290
0.384494 4289
0.384494 4288
0.384494 4287
0.384494 4286
0.384494 4285
0.384494 4284
0.384494 4283
0.384494 4282
0.384494 4281
0.384241 4280
0.384241 4279
0.384241 4278
0.384241 4277
0.384241 4276
0.384167 4276
0.384167 4275
0.384167 4274
0.384167 4273
0.384167 4272
0.384167 4271
0.384167 4270
0.384167 4269
0.384167 4268
0.384167 4267
0.384167 4266
0.384167 4265
0.384167 4264
0.384167 4263
0.384167 4262
0.384167 4261
0.384167 4260
0.384167 4259
0.384167 4258
0.384167 4257
0.384167 4256
0.384167 4255
0.384167 4254
0.384167 4253
0.383864 4252
0.383864 4251
0.383864 4250
0.383864 4249
0.383864 4248
0.383864 4247
0.383864 4246
0.383864 4245
0.383864 4244
0.383864 4243
0.383864 4242
0.383864 4241
0.383864 4240
0.383864 4239
0.383755 4238
0.383755 4237
0.383755 4236
0.383755 4235
0.383755 4234
0.383755 4233
0.383755 4232
0.383755 4231
0.383755 4230
0.383671 4230
0.383671 4229
0.383671 4228
0.383671 4227
0.383671 4226
0.383671 4225
0.383671 4224
0.383671 4223
0.383671 4222
0.383671 4221
0.383671 4220
0.383671 4219
0.383671 4218
0.383671 4217
0.383671 4216
0.383671 4215
0.383671 4214
0.383671 4213
0.383671 4212
0.383671 4211
0.383268 4210
0.383268 4209
0.3832 4208
0.3832 4207
0.3832 4206
0.3832 4205
0.3832 4204
0.3832 4203
0.3832 4202
0.3832 4201
0.3832 4200
0.3832 4199
0.3832 4198
0.3832 4197
0.3832 4196
0.3832 4195
0.3832 4194
0.3832 4193
0.3832 4192
0.3832 4191
0.3832 4190
0.3832 4189
0.3832 4188
0.3832 4187
0.3832 4186
0.3832 4185
0.3832 4184
0.3832 4183
0.382857 4182
0.382857 4181
0.382857 4180
0.382857 4179
0.382857 4178
0.382857 4177
0.382857 4176
0.382857 4175
0.382857 4174
0.382857 4173
0.382857 4172
0.382857 4171
0.382857 4170
0.382857 4169
0.382857 4168
0.382857 4167
0.382857 4166
0.382857 4165
0.382857 4164
0.382857 4163
0.382857 4162
0.382857 4161
0.382857 4160
0.382857 4159
0.382857 4158
0.382857 4157
0.382857 4156
0.382857 4155
0.382795 4154
0.382795 4153
0.382795 4152
0.381977 4152
0.381977 4151
0.381977 4150
0.381977 4149
0.381977 4148
0.380924 4148
0.380924 4147
0.380924 4146
0.380924 4145
0.380924 4144
0.380924 4143
0.380852 4142
0.380852 4141
0.380852 4140
0.380852 4139
0.380852 4138
0.380852 4137
0.380852 4136
0.380852 4135
0.380852 4134
0.380852 4133
0.380852 4132
0.380852 4131
0.380852 4130
0.380852 4129
0.380852 4128
0.380204 4127
0.380204 4126
0.380204 4125
0.380204 4124
0.380204 4123
0.380168 4122
0.380168 4121
0.380168 4120
0.380168 4119
0.380168 4118
0.380168 4117
0.380168 4116
0.379774 4115
0.379774 4114
0.379774 4113
0.379774 4112
0.379774 4111
0.379774 4110
0.379774 4109
0.379774 4108
0.379774 4107
0.379774 4106
0.379774 4105
0.379774 4104
0.379774 4103
0.379774 4102
0.379774 4101
0.379774 4100
0.379774 4099
0.379774 4098
0.379774 4097
0.379774 4096
0.379774 4095
0.379774 4094
0.379774 4093
0.379774 4092
0.379774 4091
0.379774 4090
0.379774 4089
0.379774 4088
0.37963 4087
0.37963 4086
0.37963 4085
0.37963 4084
0.37963 4083
0.37963 4082
0.37963 4081
0.37963 4080
0.37963 4079
0.37963 4078
0.37963 4077
0.37963 4076
0.37963 4075
0.37963 4074
0.37963 4073
0.37963 4072
0.37963 4071
0.37963 4070
0.37963 4069
0.37963 4068
0.37963 4067
0.37963 4066
0.37963 4065
0.37963 4064
0.37963 4063
0.37963 4062
0.37963 4061
0.379203 4061
0.379203 4060
0.379203 4059
0.379203 4058
0.379203 4057
0.379203 4056
0.379203 4055
0.379203 4054
0.379203 4053
0.379203 4052
0.379203 4051
0.379203 4050
0.379203 4049
0.379203 4048
0.379203 4047
0.379203 4046
0.379203 4045
0.379203 4044
0.379203 4043
0.379203 4042
0.378237 4041
0.378237 4040
0.378237 4039
0.378237 4038
0.378237 4037
0.378237 4036
0.378237 4035
0.378237 4034
0.378237 4033
0.378237 4032
0.378237 4031
0.378237 4030
0.378237 4029
0.378237 4028
0.378237 4027
0.378237 4026
0.378237 4025
0.378237 4024
0.378237 4023
0.378237 4022
0.378237 4021
0.378237 4020
0.378237 4019
0.378237 4018
0.378237 4017
0.378237 4016
0.378156 4015
0.378156 4014
0.378156 4013
0.378156 4012
0.377936 4012
0.377936 4011
0.377936 4010
0.377936 4009
0.377898 4008
0.377898 4007
0.377898 4006
0.377898 4005
0.377898 4004
0.377898 4003
0.377898 4002
0.377898 4001
0.377898 4000
0.377898 3999
0.377898 3998
0.377898 3997
0.377898 3996
0.377898 3995
0.377843 3994
0.377843 3993
0.377843 3992
0.377843 3991
0.377843 3990
0.377843 3989
0.377843 3988
0.377843 3987
0.377442 3986
0.377442 3985
0.377442 3984
0.377442 3983
0.377442 3982
0.377442 3981
0.377442 3980
0.377442 3979
0.377442 3978
0.377442 3977
0.377442 3976
0.377355 3975
0.377355 3974
0.376707 3973
0.376707 3972
0.376707 3971
0.376707 3970
0.376707 3969
0.376707 3968
0.376707 3967
0.376707 3966
0.376707 3965
0.376707 3964
0.376707 3963
0.376707 3962
0.376707 3961
0.376707 3960
0.376707 3959
0.376707 3958
0.376707 3957
0.376707 3956
0.376707 3955
0.376707 3954
0.376707 3953
0.376707 3952
0.376707 3951
0.376707 3950
0.376707 3949
0.376707 3948
0.376707 3947
0.376707 3946
0.376707 3945
0.376707 3944
0.376707 3943
0.376707 3942
0.376707 3941
0.376707 3940
0.376707 3939
0.376707 3938
0.376707 3937
0.376707 3936
0.376596 3935
0.376596 3934
0.376596 3933
0.376596 3932
0.376596 3931
0.376596 3930
0.376596 3929
0.376596 3928
0.376596 3927
0.376252 3926
0.376252 3925
0.376252 3924
0.376252 3923
0.376252 3922
0.376252 3921
0.376252 3920
0.376252 3919
0.376252 3918
0.376252 3917
0.376252 3916
0.376252 3915
0.376252 3914
0.376252 3913
0.376252 3912
0.376252 3911
0.376252 3910
0.376252 3909
0.376252 3908
0.376252 3907
0.376252 3906
0.376252 3905
0.376252 3904
0.376252 3903
0.376252 3902
0.376252 3901
0.376252 3900
0.376252 3899
0.376252 3898
0.376252 3897
0.376252 3896
0.376252 3895
0.376252 3894
0.376252 3893
0.376252 3892
0.376252 3891
0.376252 3890
0.375426 3889
0.375426 3888
0.375426 3887
0.375426 3886
0.375426 3885
0.375426 3884
0.375426 3883
0.375426 3882
0.375426 3881
0.375426 3880
0.375426 3879
0.375426 3878
0.375426 3877
0.375426 3876
0.375426 3875
0.375426 3874
0.375426 3873
0.375426 3872
0.375426 3871
0.375426 3870
0.375426 3869
0.375426 3868
0.375426 3867
0.375426 3866
0.375426 3865
0.375426 3864
0.375426 3863
0.375369 3862
0.375369 3861
0.375369 3860
0.375369 3859
0.375369 3858
0.375369 3857
0.375369 3856
0.375369 3855
0.375369 3854
0.375369 3853
0.375369 3852
0.375369 3851
0.374399 3850
0.374399 3849
0.374399 3848
0.374399 3847
0.374399 3846
0.374399 3845
0.374399 3844
0.374399 3843
0.373416 3843
0.373416 3842
0.373416 3841
0.373416 3840
0.373416 3839
0.373416 3838
0.373416 3837
0.373416 3836
0.373416 3835
0.373416 3834
0.373416 3833
0.373416 3832
0.373416 3831
0.373416 3830
0.373416 3829
0.373416 3828
0.373416 3827
0.373224 3826
0.373224 3825
0.373224 3824
0.373224 3823
0.37321 3822
0.37321 3821
0.37321 3820
0.37321 3819
0.37321 3818
0.37321 3817
0.37321 3816
0.37321 3815
0.37321 3814
0.37321 3813
0.37321 3812
0.37321 3811
0.37321 3810
0.373162 3809
0.373162 3808
0.373162 3807
0.373162 3806
0.373162 3805
0.373128 3804
0.373128 3803
0.373128 3802
0.373128 3801
0.373128 3800
0.373128 3799
0.373128 3798
0.373128 3797
0.373128 3796
0.373128 3795
0.373128 3794
0.373128 3793
0.373128 3792
0.373128 3791
0.373128 3790
0.373128 3789
0.372199 3788
0.372199 3787
0.372199 3786
0.372199 3785
0.372199 3784
0.372199 3783
0.372199 3782
0.372199 3781
0.372199 3780
0.372199 3779
0.372199 3778
0.372199 3777
0.372199 3776
0.372199 3775
0.372199 3774
0.372199 3773
0.372199 3772
0.372199 3771
0.372199 3770
0.372199 3769
0.372199 3768
0.372199 3767
0.372199 3766
0.371945 3766
0.371945 3765
0.371945 3764
0.371945 3763
0.371945 3762
0.371945 3761
0.371945 3760
0.371945 3759
0.371945 3758
0.371877 3757
0.371877 3756
0.371772 3755
0.371772 3754
0.371639 3753
0.371639 3752
0.371639 3751
0.371639 3750
0.371639 3749
0.371639 3748
0.371639 3747
0.371639 3746
0.371639 3745
0.371639 3744
0.371639 3743
0.371639 3742
0.371639 3741
0.371639 3740
0.371639 3739
0.371639 3738
0.371639 3737
0.371639 3736
0.371639 3735
0.371528 3734
0.371528 3733
0.371528 3732
0.371528 3731
0.371528 3730
0.371528 3729
0.371528 3728
0.371528 3727
0.371528 3726
0.371528 3725
0.371528 3724
0.371528 3723
0.371528 3722
0.371528 3721
0.371528 3720
0.371528 3719
0.371528 3718
0.371528 3717
0.371528 3716
0.371528 3715
0.371528 3714
0.371528 3713
0.371341 3712
0.371341 3711
0.371341 3710
0.371148 3709
0.371148 3708
0.371148 3707
0.371148 3706
0.371148 3705
0.371148 3704
0.371148 3703
0.371148 3702
0.371148 3701
0.369932 3701
0.369932 3700
0.369932 3699
0.369932 3698
0.369932 3697
0.369932 3696
0.369932 3695
0.369932 3694
0.369932 3693
0.369885 3692
0.369885 3691
0.369885 3690
0.369885 3689
0.369885 3688
0.369885 3687
0.369885 3686
0.369885 3685
0.369885 3684
0.369885 3683
0.369885 3682
0.369885 3681
0.369885 3680
0.369885 3679
0.369885 3678
0.369885 3677
0.369885 3676
0.369885 3675
0.369885 3674
0.369885 3673
0.369885 3672
0.369885 3671
0.369885 3670
0.369885 3669
0.369885 3668
0.369885 3667
0.369885 3666
0.369885 3665
0.369885 3664
0.369885 3663
0.369885 3662
0.369885 3661
0.369885 3660
0.369885 3659
0.369885 3658
0.369885 3657
0.369885 3656
0.369885 3655
0.369885 3654
0.369885 3653
0.369885 3652
0.369885 3651
0.369885 3650
0.369885 3649
0.369851 3648
0.369851 3647
0.369851 3646
0.369851 3645
0.369851 3644
0.369851 3643
0.369727 3642
0.369727 3641
0.369727 3640
0.369727 3639
0.369727 3638
0.369727 3637
0.369727 3636
0.369727 3635
0.369727 3634
0.369727 3633
0.369451 3633
0.369451 3632
0.369451 3631
0.369451 3630
0.369451 3629
0.369195 3629
0.369195 3628
0.369195 3627
0.36916 3626
0.36916 3625
0.36916 3624
0.36916 3623
0.36916 3622
0.36916 3621
0.36916 3620
0.36916 3619
0.369076 3618
0.368903 3617
0.368903 3616
0.368903 3615
0.368903 3614
0.368903 3613
0.368903 3612
0.368903 3611
0.368768 3611
0.368768 3610
0.368768 3609
0.368768 3608
0.368768 3607
0.368768 3606
0.368768 3605
0.368768 3604
0.368768 3603
0.368768 3602
0.368768 3601
0.368768 3600
0.368768 3599
0.368768 3598
0.368768 3597
0.368735 3596
0.368735 3595
0.368735 3594
0.368735 3593
0.368735 3592
0.368735 3591
0.368735 3590
0.368735 3589
0.368735 3588
0.368735 3587
0.368735 3586
0.368735 3585
0.368735 3584
0.368735 3583
0.368735 3582
0.368735 3581
0.368735 3580
0.368735 3579
0.368716 3578
0.368716 3577
0.368716 3576
0.368716 3575
0.368716 3574
0.368716 3573
0.368716 3572
0.368716 3571
0.368716 3570
0.368624 3569
0.368624 3568
0.368624 3567
0.368624 3566
0.368624 3565
0.368624 3564
0.368624 3563
0.368624 3562
0.368624 3561
0.368624 3560
0.368624 3559
0.368624 3558
0.368624 3557
0.368624 3556
0.368624 3555
0.368624 3554
0.368624 3553
0.368624 3552
0.368624 3551
0.368624 3550
0.368624 3549
0.368624 3548
0.368624 3547
0.368624 3546
0.368624 3545
0.368624 3544
0.368624 3543
0.368624 3542
0.368303 3541
0.368303 3540
0.368303 3539
0.368303 3538
0.368303 3537
0.368303 3536
0.368303 3535
0.368303 3534
0.368303 3533
0.368149 3532
0.368149 3531
0.368149 3530
0.368149 3529
0.368149 3528
0.368149 3527
0.368149 3526
0.368149 3525
0.368149 3524
0.368149 3523
0.368149 3522
0.368149 3521
0.367965 3521
0.367965 3520
0.367965 3519
0.367965 3518
0.367965 3517
0.367965 3516
0.367965 3515
0.367965 3514
0.367965 3513
0.367965 3512
0.367472 3511
0.367472 3510
0.367472 3509
0.367472 3508
0.367472 3507
0.367472 3506
0.367472 3505
0.367472 3504
0.367472 3503
0.367314 3502
0.367314 3501
0.367314 3500
0.367314 3499
0.367314 3498
0.367314 3497
0.367314 3496
0.367314 3495
0.366724 3494
0.366724 3493
0.366724 3492
0.366724 3491
0.366354 3491
0.366354 3490
0.366354 3489
0.366354 3488
0.366354 3487
0.366354 3486
0.366354 3485
0.366354 3484
0.366354 3483
0.366354 3482
0.366354 3481
0.366354 3480
0.366354 3479
0.366354 3478
0.366354 3477
0.366354 3476
0.366354 3475
0.366354 3474
0.366159 3473
0.366117 3472
0.366117 3471
0.366117 3470
0.366117 3469
0.366117 3468
0.366117 3467
0.366117 3466
0.366117 3465
0.366117 3464
0.366117 3463
0.366117 3462
0.366117 3461
0.366117 3460
0.366117 3459
0.366117 3458
0.366117 3457
0.366117 3456
0.366117 3455
0.366117 3454
0.366117 3453
0.366117 3452
0.366117 3451
0.365097 3450
0.365097 3449
0.365097 3448
0.365097 3447
0.365097 3446
0.364858 3446
0.364858 3445
0.364858 3444
0.364858 3443
0.364858 3442
0.364858 3441
0.364858 3440
0.364858 3439
0.364858 3438
0.364858 3437
0.364858 3436
0.364858 3435
0.364858 3434
0.364858 3433
0.364858 3432
0.364858 3431
0.364858 3430
0.364858 3429
0.364276 3428
0.364276 3427
0.364276 3426
0.364276 3425
0.364276 3424
0.364276 3423
0.364276 3422
0.364276 3421
0.364276 3420
0.364276 3419
0.364276 3418
0.364276 3417
0.364276 3416
0.364276 3415
0.364276 3414
0.364276 3413
0.364276 3412
0.364276 3411
0.364276 3410
0.364276 3409
0.364276 3408
0.364276 3407
0.364276 3406
0.364276 3405
0.364276 3404
0.364276 3403
0.364276 3402
0.364276 3401
0.363311 3400
0.363311 3399
0.363311 3398
0.363311 3397
0.363311 3396
0.362161 3396
0.362161 3395
0.361143 3395
0.361143 3394
0.360108 3394
0.360108 3393
0.360108 3392
0.360108 3391
0.360108 3390
0.360108 3389
0.360108 3388
0.360108 3387
0.360108 3386
0.360108 3385
0.360098 3384
0.360098 3383
0.360098 3382
0.360098 3381
0.360098 3380
0.360023 3379
0.360023 3378
0.360023 3377
0.360023 3376
0.359996 3375
0.359996 3374
0.359996 3373
0.359996 3372
0.359996 3371
0.359996 3370
0.359986 3369
0.359986 3368
0.359986 3367
0.359986 3366
0.359986 3365
0.359986 3364
0.359986 3363
0.359986 3362
0.358927 3362
0.358927 3361
0.358927 3360
0.358927 3359
0.358758 3359
0.358758 3358
0.358758 3357
0.358758 3356
0.358758 3355
0.358758 3354
0.358758 3353
0.358758 3352
0.358758 3351
0.358758 3350
0.358758 3349
0.358707 3348
0.358707 3347
0.358707 3346
0.358707 3345
0.358707 3344
0.358707 3343
0.358707 3342
0.358382 3342
0.35832 3341
0.35832 3340
0.35832 3339
0.35832 3338
0.35832 3337
0.35832 3336
0.35832 3335
0.35832 3334
0.35832 3333
0.35832 3332
0.35832 3331
0.35832 3330
0.35832 3329
0.35832 3328
0.35832 3327
0.35832 3326
0.35832 3325
0.35832 3324
0.35832 3323
0.35832 3322
0.35832 3321
0.35832 3320
0.35832 3319
0.35832 3318
0.35807 3318
0.357395 3317
0.357395 3316
0.357395 3315
0.357395 3314
0.357395 3313
0.357395 3312
0.357395 3311
0.357395 3310
0.357395 3309
0.357395 3308
0.357395 3307
0.357395 3306
0.357395 3305
0.357395 3304
0.357395 3303
0.357395 3302
0.357395 3301
0.357395 3300
0.357395 3299
0.357292 3299
0.357292 3298
0.357292 3297
0.357292 3296
0.357292 3295
0.357292 3294
0.357178 3293
0.357178 3292
0.357153 3291
0.357153 3290
0.357153 3289
0.357153 3288
0.357153 3287
0.357153 3286
0.356334 3286
0.356334 3285
0.356334 3284
0.356334 3283
0.356334 3282
0.356334 3281
0.356334 3280
0.356334 3279
0.356334 3278
0.356334 3277
0.356334 3276
0.356334 3275
0.356334 3274
0.356334 3273
0.356334 3272
0.356334 3271
0.356334 3270
0.356334 3269
0.356334 3268
0.356334 3267
0.356334 3266
0.356199 3265
0.356199 3264
0.356199 3263
0.356199 3262
0.356199 3261
0.356199 3260
0.356199 3259
0.356199 3258
0.356199 3257
0.356199 3256
0.356199 3255
0.356199 3254
0.356199 3253
0.356199 3252
0.356199 3251
0.356199 3250
0.356199 3249
0.356199 3248
0.356199 3247
0.356199 3246
0.356199 3245
0.356199 3244
0.356199 3243
0.356199 3242
0.356199 3241
0.356199 3240
0.356126 3239
0.356126 3238
0.356126 3237
0.356126 3236
0.356126 3235
0.356126 3234
0.356126 3233
0.356126 3232
0.356126 3231
0.356126 3230
0.356126 3229
0.356126 3228
0.356126 3227
0.356126 3226
0.356126 3225
0.356126 3224
0.356126 3223
0.356126 3222
0.356126 3221
0.35605 3220
0.35605 3219
0.35605 3218
0.35605 3217
0.35605 3216
0.355964 3215
0.355964 3214
0.355964 3213
0.355964 3212
0.355964 3211
0.355964 3210
0.355964 3209
0.355964 3208
0.355964 3207
0.355964 3206
0.355763 3205
0.355763 3204
0.355763 3203
0.355763 3202
0.355763 3201
0.355763 3200
0.355763 3199
0.355763 3198
0.355763 3197
0.355737 3196
0.355737 3195
0.355737 3194
0.355737 3193
0.355737 3192
0.355737 3191
0.355708 3190
0.355708 3189
0.355708 3188
0.355708 3187
0.355708 3186
0.355708 3185
0.355708 3184
0.355536 3183
0.355536 3182
0.355536 3181
0.355536 3180
0.355536 3179
0.355536 3178
0.355536 3177
0.355536 3176
0.355536 3175
0.355536 3174
0.355536 3173
0.355505 3172
0.355505 3171
0.355505 3170
0.355505 3169
0.355505 3168
0.355505 3167
0.355505 3166
0.355505 3165
0.354824 3164
0.354824 3163
0.354824 3162
0.354824 3161
0.354824 3160
0.354824 3159
0.354824 3158
0.354824 3157
0.3548 3156
0.3548 3155
0.3548 3154
0.3548 3153
0.3548 3152
0.3548 3151
0.354593 3150
0.354593 3149
0.354593 3148
0.354593 3147
0.354593 3146
0.354593 3145
0.354593 3144
0.354593 3143
0.354593 3142
0.354593 3141
0.354593 3140
0.354593 3139
0.354593 3138
0.354593 3137
0.354593 3136
0.354593 3135
0.353769 3134
0.353769 3133
0.353769 3132
0.353769 3131
0.353769 3130
0.353769 3129
0.353769 3128
0.353769 3127
0.353769 3126
0.353769 3125
0.353769 3124
0.353769 3123
0.353643 3122
0.353643 3121
0.353643 3120
0.353643 3119
0.353643 3118
0.353643 3117
0.353643 3116
0.353643 3115
0.353643 3114
0.353643 3113
0.353643 3112
0.353643 3111
0.353643 3110
0.353643 3109
0.353643 3108
0.353643 3107
0.353643 3106
0.353496 3105
0.353496 3104
0.353496 3103
0.353496 3102
0.353496 3101
0.353496 3100
0.353496 3099
0.353496 3098
0.353496 3097
0.353496 3096
0.353496 3095
0.353496 3094
0.353496 3093
0.353324 3092
0.353324 3091
0.353324 3090
0.353324 3089
0.352987 3089
0.352987 3088
0.352987 3087
0.352924 3086
0.352924 3085
0.352924 3084
0.352083 3083
0.352083 3082
0.352083 3081
0.352083 3080
0.352083 3079
0.351265 3078
0.351123 3077
0.351123 3076
0.351123 3075
0.351123 3074
0.351123 3073
0.351123 3072
0.351123 3071
0.351123 3070
0.351123 3069
0.351123 3068
0.351123 3067
0.351123 3066
0.351123 3065
0.351123 3064
0.351123 3063
0.351123 3062
0.351123 3061
0.351123 3060
0.351123 3059
0.351123 3058
0.351123 3057
0.350945 3056
0.350945 3055
0.350945 3054
0.350945 3053
0.350945 3052
0.350945 3051
0.350945 3050
0.35039 3050
0.35039 3049
0.35039 3048
0.35039 3047
0.35039 3046
0.35039 3045
0.35039 3044
0.35039 3043
0.35039 3042
0.35039 3041
0.35039 3040
0.349978 3040
0.349972 3039
0.349972 3038
0.349972 3037
0.349972 3036
0.349972 3035
0.349972 3034
0.349972 3033
0.349972 3032
0.349972 3031
0.349972 3030
0.349972 3029
0.349972 3028
0.349972 3027
0.349972 3026
0.349972 3025
0.349972 3024
0.349972 3023
0.349972 3022
0.349972 3021
0.349972 3020
0.349972 3019
0.349972 3018
0.349972 3017
0.349972 3016
0.349972 3015
0.349972 3014
0.349793 3013
0.349793 3012
0.349793 3011
0.349512 3010
0.349512 3009
0.349512 3008
0.349512 3007
0.349483 3006
0.349483 3005
0.349483 3004
0.349483 3003
0.349483 3002
0.349483 3001
0.349483 3000
0.349483 2999
0.348521 2998
0.348521 2997
0.347956 2996
0.347956 2995
0.347956 2994
0.347956 2993
0.347956 2992
0.347956 2991
0.347956 2990
0.347956 2989
0.347956 2988
0.347956 2987
0.347956 2986
0.347956 2985
0.347956 2984
0.347956 2983
0.347956 2982
0.347956 2981
0.347956 2980
0.347956 2979
0.347956 2978
0.347956 2977
0.347956 2976
0.347956 2975
0.347956 2974
0.347956 2973
0.347956 2972
0.347956 2971
0.347956 2970
0.347956 2969
0.347956 2968
0.347956 2967
0.347956 2966
0.347956 2965
0.347956 2964
0.347956 2963
0.347956 2962
0.347956 2961
0.347956 2960
0.347956 2959
0.347956 2958
0.347956 2957
0.347956 2956
0.347956 2955
0.347906 2954
0.347906 2953
0.347906 2952
0.347906 2951
0.347906 2950
0.347906 2949
0.347906 2948
0.347906 2947
0.347906 2946
0.347906 2945
0.347906 2944
0.347906 2943
0.347906 2942
0.347906 2941
0.347906 2940
0.347889 2939
0.347889 2938
0.347889 2937
0.347889 2936
0.347889 2935
0.347889 2934
0.347889 2933
0.347889 2932
0.347889 2931
0.347889 2930
0.347889 2929
0.347889 2928
0.347889 2927
0.347889 2926
0.347832 2925
0.347832 2924
0.347832 2923
0.347832 2922
0.347697 2921
0.347697 2920
0.347697 2919
0.347697 2918
0.347697 2917
0.347697 2916
0.347697 2915
0.347697 2914
0.347697 2913
0.347697 2912
0.347697 2911
0.347697 2910
0.347697 2909
0.347697 2908
0.347697 2907
0.347566 2906
0.347566 2905
0.347566 2904
0.347566 2903
0.347566 2902
0.347566 2901
0.347566 2900
0.347566 2899
0.347566 2898
0.347566 2897
0.347566 2896
0.347566 2895
0.347566 2894
0.347566 2893
0.347566 2892
0.347566 2891
0.347566 2890
0.347566 2889
0.347566 2888
0.347555 2887
0.347555 2886
0.347555 2885
0.346586 2884
0.346586 2883
0.346586 2882
0.346586 2881
0.345944 2880
0.345944 2879
0.345944 2878
0.345944 2877
0.345944 2876
0.345944 2875
0.345944 2874
0.345944 2873
0.345944 2872
0.345944 2871
0.345944 2870
0.345944 2869
0.345807 2868
0.345807 2867
0.345807 2866
0.345807 2865
0.345807 2864
0.345807 2863
0.345623 2862
0.345623 2861
0.345623 2860
0.345623 2859
0.345623 2858
0.345623 2857
0.345623 2856
0.345623 2855
0.345623 2854
0.345623 2853
0.345623 2852
0.345623 2851
0.345623 2850
0.345623 2849
0.345623 2848
0.345623 2847
0.345623 2846
0.345623 2845
0.345623 2844
0.344717 2843
0.344717 2842
0.344717 2841
0.344717 2840
0.344717 2839
0.344717 2838
0.344717 2837
0.344717 2836
0.344717 2835
0.344517 2835
0.344517 2834
0.344517 2833
0.344517 2832
0.343642 2831
0.343642 2830
0.343642 2829
0.343642 2828
0.343642 2827
0.343642 2826
0.343642 2825
0.343642 2824
0.343612 2823
0.343612 2822
0.343612 2821
0.343612 2820
0.343612 2819
0.343612 2818
0.342597 2818
0.342597 2817
0.342597 2816
0.342597 2815
0.342597 2814
0.342597 2813
0.342597 2812
0.342597 2811
0.342597 2810
0.342597 2809
0.342597 2808
0.342597 2807
0.341823 2806
0.341823 2805
0.341378 2804
0.341378 2803
0.341378 2802
0.341378 2801
0.341378 2800
0.341378 2799
0.341378 2798
0.341378 2797
0.341378 2796
0.341378 2795
0.341378 2794
0.341378 2793
0.341378 2792
0.341378 2791
0.341361 2790
0.341361 2789
0.341361 2788
0.341361 2787
0.341361 2786
0.341361 2785
0.341361 2784
0.341361 2783
0.341361 2782
0.341361 2781
0.341361 2780
0.341361 2779
0.341361 2778
0.341361 2777
0.341361 2776
0.341361 2775
0.341361 2774
0.341361 2773
0.341361 2772
0.341361 2771
0.341361 2770
0.341361 2769
0.341361 2768
0.341231 2767
0.341231 2766
0.341231 2765
0.341231 2764
0.341231 2763
0.341231 2762
0.341231 2761
0.341231 2760
0.341231 2759
0.341231 2758
0.341231 2757
0.341231 2756
0.341231 2755
0.341231 2754
0.341231 2753
0.341231 2752
0.341231 2751
0.341231 2750
0.341231 2749
0.341231 2748
0.341231 2747
0.341231 2746
0.341231 2745
0.341231 2744
0.341231 2743
0.341231 2742
0.341231 2741
0.341231 2740
0.341231 2739
0.341231 2738
0.341231 2737
0.341231 2736
0.341 2735
0.341 2734
0.341 2733
0.341 2732
0.341 2731
0.341 2730
0.341 2729
0.341 2728
0.341 2727
0.341 2726
0.341 2725
0.340528 2724
0.340528 2723
0.340528 2722
0.340528 2721
0.340528 2720
0.340528 2719
0.340528 2718
0.340421 2717
0.340421 2716
0.340421 2715
0.340421 2714
0.340421 2713
0.340421 2712
0.340421 2711
0.340421 2710
0.340421 2709
0.340421 2708
0.340421 2707
0.340421 2706
0.340421 2705
0.340236 2704
0.340236 2703
0.340236 2702
0.340236 2701
0.340236 2700
0.340236 2699
0.340236 2698
0.340236 2697
0.340236 2696
0.340236 2695
0.340236 2694
0.340236 2693
0.340236 2692
0.340236 2691
0.340236 2690
0.340236 2689
0.338905 2689
0.338905 2688
0.338905 2687
0.338905 2686
0.3388 2685
0.3388 2684
0.3388 2683
0.3388 2682
0.3388 2681
0.3388 2680
0.3388 2679
0.3388 2678
0.3388 2677
0.33773 2677
0.33773 2676
0.33773 2675
0.33773 2674
0.33773 2673
0.33773 2672
0.33773 2671
0.33773 2670
0.33773 2669
0.33773 2668
0.337695 2667
0.337695 2666
0.337695 2665
0.337695 2664
0.337096 2663
0.337096 2662
0.336734 2662
0.336734 2661
0.336734 2660
0.336734 2659
0.336734 2658
0.336734 2657
0.336707 2656
0.336707 2655
0.336707 2654
0.336707 2653
0.336097 2652
0.336097 2651
0.336097 2650
0.336097 2649
0.336097 2648
0.336097 2647
0.336097 2646
0.336097 2645
0.336097 2644
0.336097 2643
0.336097 2642
0.336097 2641
0.336097 2640
0.336097 2639
0.336097 2638
0.336097 2637
0.336097 2636
0.336097 2635
0.336097 2634
0.336097 2633
0.336097 2632
0.336097 2631
0.336097 2630
0.336097 2629
0.336097 2628
0.336097 2627
0.336097 2626
0.336097 2625
0.336097 2624
0.335542 2623
0.335542 2622
0.335542 2621
0.335542 2620
0.335542 2619
0.335542 2618
0.335542 2617
0.335542 2616
0.335542 2615
0.335542 2614
0.335542 2613
0.335542 2612
0.335542 2611
0.335542 2610
0.335275 2610
0.334192 2610
0.334192 2609
0.334192 2608
0.334192 2607
0.334192 2606
0.333994 2605
0.333994 2604
0.333994 2603
0.333994 2602
0.333994 2601
0.333994 2600
0.333994 2599
0.333994 2598
0.333994 2597
0.333707 2596
0.333707 2595
0.333707 2594
0.333707 2593
0.333707 2592
0.333707 2591
0.333707 2590
0.333679 2589
0.333679 2588
0.333161 2588
0.333161 2587
0.333124 2586
0.333124 2585
0.333124 2584
0.333124 2583
0.333124 2582
0.333124 2581
0.333124 2580
0.333124 2579
0.333124 2578
0.333124 2577
0.333124 2576
0.333124 2575
0.333124 2574
0.333124 2573
0.333124 2572
0.333124 2571
0.333015 2570
0.333015 2569
0.333015 2568
0.333015 2567
0.333015 2566
0.333015 2565
0.333015 2564
0.333015 2563
0.333015 2562
0.333015 2561
0.333015 2560
0.333015 2559
0.333015 2558
0.333015 2557
0.333015 2556
0.333015 2555
0.333015 2554
0.333015 2553
0.333015 2552
0.333015 2551
0.333015 2550
0.333015 2549
0.333015 2548
0.333015 2547
0.333015 2546
0.331958 2546
0.331958 2545
0.331958 2544
0.331958 2543
0.331958 2542
0.331958 2541
0.331958 2540
0.331958 2539
0.331958 2538
0.331958 2537
0.331958 2536
0.331958 2535
0.331849 2534
0.331849 2533
0.331849 2532
0.331849 2531
0.331849 2530
0.331849 2529
0.331849 2528
0.331317 2527
0.331317 2526
0.331317 2525
0.331317 2524
0.331284 2523
0.331284 2522
0.331284 2521
0.331284 2520
0.331284 2519
0.331284 2518
0.331284 2517
0.331284 2516
0.331284 2515
0.331284 2514
0.331284 2513
0.331284 2512
0.331284 2511
0.331284 2510
0.331284 2509
0.331284 2508
0.331284 2507
0.331284 2506
0.331284 2505
0.331284 2504
0.331284 2503
0.331284 2502
0.331284 2501
0.331284 2500
0.331284 2499
0.331284 2498
0.331284 2497
0.331284 2496
0.331284 2495
0.331284 2494
0.331135 2493
0.331135 2492
0.331135 2491
0.331135 2490
0.331135 2489
0.331135 2488
0.331135 2487
0.331135 2486
0.331135 2485
0.331135 2484
0.331135 2483
0.331135 2482
0.331135 2481
0.331135 2480
0.331135 2479
0.331135 2478
0.331135 2477
0.331016 2476
0.331016 2475
0.331016 2474
0.331016 2473
0.331016 2472
0.331016 2471
0.331016 2470
0.331016 2469
0.331016 2468
0.331016 2467
0.331016 2466
0.331016 2465
0.331016 2464
0.331016 2463
0.331016 2462
0.331016 2461
0.331016 2460
0.331016 2459
0.331016 2458
0.331016 2457
0.331016 2456
0.331016 2455
0.331016 2454
0.331016 2453
0.331016 2452
0.331016 2451
0.331016 2450
0.330111 2449
0.330111 2448
0.330111 2447
0.330111 2446
0.330111 2445
0.330045 2444
0.330045 2443
0.330045 2442
0.330045 2441
0.329998 2440
0.329998 2439
0.329998 2438
0.329998 2437
0.329204 2436
0.329204 2435
0.329204 2434
0.329204 2433
0.329204 2432
0.329204 2431
0.329204 2430
0.329204 2429
0.329204 2428
0.329204 2427
0.329204 2426
0.329204 2425
0.329204 2424
0.329204 2423
0.329204 2422
0.329204 2421
0.329204 2420
0.329204 2419
0.329204 2418
0.329204 2417
0.329204 2416
0.329204 2415
0.329204 2414
0.329204 2413
0.329204 2412
0.328796 2412
0.328796 2411
0.328796 2410
0.328796 2409
0.328796 2408
0.328796 2407
0.328796 2406
0.328778 2405
0.328778 2404
0.328687 2404
0.328687 2403
0.328687 2402
0.328687 2401
0.328687 2400
0.328687 2399
0.328687 2398
0.328687 2397
0.327625 2397
0.327625 2396
0.327625 2395
0.327625 2394
0.327625 2393
0.327472 2392
0.327472 2391
0.327472 2390
0.327472 2389
0.327472 2388
0.327472 2387
0.327472 2386
0.327398 2385
0.327398 2384
0.327398 2383
0.327398 2382
0.327398 2381
0.327398 2380
0.327398 2379
0.327398 2378
0.327398 2377
0.326378 2377
0.326378 2376
0.326378 2375
0.326378 2374
0.326378 2373
0.326325 2372
0.326325 2371
0.326325 2370
0.326325 2369
0.326325 2368
0.326325 2367
0.326222 2366
0.326196 2365
0.326196 2364
0.326196 2363
0.326196 2362
0.326196 2361
0.326196 2360
0.326196 2359
0.326196 2358
0.325286 2357
0.325286 2356
0.325286 2355
0.325203 2354
0.325203 2353
0.325203 2352
0.325203 2351
0.325203 2350
0.325203 2349
0.325203 2348
0.325203 2347
0.325203 2346
0.323966 2346
0.323799 2345
0.323799 2344
0.323799 2343
0.323799 2342
0.323799 2341
0.323614 2340
0.323614 2339
0.323439 2339
0.323439 2338
0.323243 2337
0.323243 2336
0.323243 2335
0.323243 2334
0.323243 2333
0.323243 2332
0.323243 2331
0.323243 2330
0.323243 2329
0.323243 2328
0.323243 2327
0.323243 2326
0.323243 2325
0.323243 2324
0.323243 2323
0.323243 2322
0.323243 2321
0.323243 2320
0.323243 2319
0.323243 2318
0.323173 2317
0.323173 2316
0.323173 2315
0.323173 2314
0.323173 2313
0.323173 2312
0.323173 2311
0.322052 2311
0.322052 2310
0.322052 2309
0.322052 2308
0.322052 2307
0.322052 2306
0.322052 2305
0.322052 2304
0.322052 2303
0.322052 2302
0.321413 2301
0.321413 2300
0.320896 2299
0.320215 2299
0.320215 2298
0.320215 2297
0.320215 2296
0.320215 2295
0.320215 2294
0.320215 2293
0.320215 2292
0.320215 2291
0.320215 2290
0.320215 2289
0.320215 2288
0.320215 2287
0.320215 2286
0.320215 2285
0.319245 2284
0.319245 2283
0.319245 2282
0.319245 2281
0.319245 2280
0.319245 2279
0.319245 2278
0.319245 2277
0.319245 2276
0.319245 2275
0.319245 2274
0.319245 2273
0.319245 2272
0.319245 2271
0.319245 2270
0.319245 2269
0.319245 2268
0.319245 2267
0.319244 2266
0.319244 2265
0.319244 2264
0.319244 2263
0.319244 2262
0.318798 2262
0.318798 2261
0.318798 2260
0.318798 2259
0.318798 2258
0.318798 2257
0.318798 2256
0.318798 2255
0.318798 2254
0.317845 2253
0.317845 2252
0.317845 2251
0.317845 2250
0.317845 2249
0.317845 2248
0.316587 2248
0.316587 2247
0.316587 2246
0.315463 2246
0.315463 2245
0.315463 2244
0.315463 2243
0.315324 2242
0.315324 2241
0.315324 2240
0.315324 2239
0.315324 2238
0.315324 2237
0.315324 2236
0.315324 2235
0.315324 2234
0.314646 2234
0.314646 2233
0.314646 2232
0.314646 2231
0.314646 2230
0.314646 2229
0.314646 2228
0.314646 2227
0.314646 2226
0.314646 2225
0.314646 2224
0.314646 2223
0.314646 2222
0.314641 2221
0.314641 2220
0.314641 2219
0.314641 2218
0.314641 2217
0.314641 2216
0.314641 2215
0.314641 2214
0.314504 2213
0.314504 2212
0.314504 2211
0.314504 2210
0.314504 2209
0.314504 2208
0.314504 2207
0.314504 2206
0.314504 2205
0.314152 2205
0.314152 2204
0.314099 2203
0.314099 2202
0.314099 2201
0.313498 2200
0.313498 2199
0.312508 2199
0.312508 2198
0.312508 2197
0.312508 2196
0.312508 2195
0.312508 2194
0.311838 2193
0.311838 2192
0.311838 2191
0.311784 2190
0.311784 2189
0.311784 2188
0.311784 2187
0.311784 2186
0.311784 2185
0.311194 2185
0.311194 2184
0.311129 2183
0.311129 2182
0.311129 2181
0.311129 2180
0.311129 2179
0.311129 2178
0.311129 2177
0.311129 2176
0.310004 2176
0.310004 2175
0.310004 2174
0.308927 2174
0.308927 2173
0.308927 2172
0.308927 2171
0.308927 2170
0.308927 2169
0.308858 2168
0.308858 2167
0.308858 2166
0.308858 2165
0.308858 2164
0.308858 2163
0.308858 2162
0.308858 2161
0.308858 2160
0.308858 2159
0.308858 2158
0.308858 2157
0.308858 2156
0.308858 2155
0.308858 2154
0.308858 2153
0.308858 2152
0.308858 2151
0.308858 2150
0.30882 2150
0.30882 2149
0.30882 2148
0.30882 2147
0.30882 2146
0.308434 2145
0.308434 2144
0.308434 2143
0.308434 2142
0.308434 2141
0.308434 2140
0.307615 2139
0.307615 2138
0.307615 2137
0.307615 2136
0.307615 2135
0.307615 2134
0.307615 2133
0.307615 2132
0.307615 2131
0.307615 2130
0.307615 2129
0.307572 2128
0.307572 2127
0.307572 2126
0.307572 2125
0.307572 2124
0.307481 2123
0.307481 2122
0.307481 2121
0.307481 2120
0.307481 2119
0.307481 2118
0.307481 2117
0.307481 2116
0.307481 2115
0.307481 2114
0.307481 2113
0.307481 2112
0.307481 2111
0.307475 2110
0.307475 2109
0.307475 2108
0.307475 2107
0.307475 2106
0.307475 2105
0.307475 2104
0.307475 2103
0.307475 2102
0.30657 2101
0.30657 2100
0.30657 2099
0.30657 2098
0.30657 2097
0.30657 2096
0.30657 2095
0.30657 2094
0.30657 2093
0.30657 2092
0.30657 2091
0.30657 2090
0.30657 2089
0.30657 2088
0.30657 2087
0.30657 2086
0.30657 2085
0.30657 2084
0.30657 2083
0.30657 2082
0.30657 2081
0.30657 2080
0.30657 2079
0.30657 2078
0.30657 2077
0.30657 2076
0.30657 2075
0.30638 2075
0.30638 2074
0.30638 2073
0.30638 2072
0.30638 2071
0.30638 2070
0.30638 2069
0.30638 2068
0.30638 2067
0.30638 2066
0.30638 2065
0.30638 2064
0.30638 2063
0.30638 2062
0.30638 2061
0.30638 2060
0.30638 2059
0.30638 2058
0.30638 2057
0.30638 2056
0.30638 2055
0.30638 2054
0.30638 2053
0.30638 2052
0.30638 2051
0.30638 2050
0.30638 2049
0.30638 2048
0.30638 2047
0.30638 2046
0.30572 2045
0.30572 2044
0.30572 2043
0.30572 2042
0.30572 2041
0.30572 2040
0.30572 2039
0.30572 2038
0.30572 2037
0.30572 2036
0.30572 2035
0.30572 2034
0.30572 2033
0.30572 2032
0.304846 2031
0.304846 2030
0.304846 2029
0.304846 2028
0.304846 2027
0.304843 2026
0.304843 2025
0.304224 2024
0.304224 2023
0.304224 2022
0.304224 2021
0.304224 2020
0.304135 2019
0.304135 2018
0.304135 2017
0.304112 2016
0.304112 2015
0.304112 2014
0.304112 2013
0.304112 2012
0.304112 2011
0.304112 2010
0.304112 2009
0.30351 2008
0.303407 2007
0.303407 2006
0.303407 2005
0.303407 2004
0.303407 2003
0.303407 2002
0.302503 2001
0.302503 2000
0.301421 2000
0.301421 1999
0.301421 1998
0.301421 1997
0.301421 1996
0.301421 1995
0.301421 1994
0.301421 1993
0.301421 1992
0.301421 1991
0.301421 1990
0.301421 1989
0.301421 1988
0.301421 1987
0.301421 1986
0.301421 1985
0.301421 1984
0.301421 1983
0.301421 1982
0.301421 1981
0.301421 1980
0.301421 1979
0.301207 1979
0.301207 1978
0.301207 1977
0.301207 1976
0.301207 1975
0.301207 1974
0.301207 1973
0.30064 1972
0.30064 1971
0.30064 1970
0.30064 1969
0.30064 1968
0.299522 1968
0.299522 1967
0.299522 1966
0.299522 1965
0.299522 1964
0.299522 1963
0.299522 1962
0.299522 1961
0.299522 1960
0.299522 1959
0.299522 1958
0.299522 1957
0.299522 1956
0.299522 1955
0.299522 1954
0.299522 1953
0.299494 1952
0.299494 1951
0.299494 1950
0.299494 1949
0.299494 1948
0.299494 1947
0.299494 1946
0.298623 1945
0.298623 1944
0.29772 1943
0.29772 1942
0.29772 1941
0.29772 1940
0.29772 1939
0.29772 1938
0.29772 1937
0.29772 1936
0.29772 1935
0.29772 1934
0.29771 1933
0.29771 1932
0.29771 1931
0.29771 1930
0.29771 1929
0.29771 1928
0.29771 1927
0.29771 1926
0.29771 1925
0.29771 1924
0.29771 1923
0.297634 1922
0.297634 1921
0.297634 1920
0.296422 1920
0.296422 1919
0.296422 1918
0.296262 1918
0.296262 1917
0.296262 1916
0.296262 1915
0.296262 1914
0.296262 1913
0.296262 1912
0.29612 1912
0.296082 1911
0.296082 1910
0.296082 1909
0.296046 1908
0.296046 1907
0.296046 1906
0.296046 1905
0.296046 1904
0.296046 1903
0.296046 1902
0.296046 1901
0.296046 1900
0.296046 1899
0.296046 1898
0.296046 1897
0.296046 1896
0.296046 1895
0.295076 1894
0.295076 1893
0.295076 1892
0.295076 1891
0.295076 1890
0.295076 1889
0.295076 1888
0.295076 1887
0.295076 1886
0.295076 1885
0.295076 1884
0.295076 1883
0.295076 1882
0.295076 1881
0.295076 1880
0.295076 1879
0.295076 1878
0.295076 1877
0.295033 1876
0.295033 1875
0.295033 1874
0.295033 1873
0.295033 1872
0.295033 1871
0.295033 1870
0.295033 1869
0.294046 1869
0.294046 1868
0.294046 1867
0.294046 1866
0.294046 1865
0.294046 1864
0.293962 1864
0.293962 1863
0.293962 1862
0.293962 1861
0.293602 1861
0.293602 1860
0.293602 1859
0.293602 1858
0.293602 1857
0.293602 1856
0.293346 1855
0.293346 1854
0.293346 1853
0.293346 1852
0.293346 1851
0.293346 1850
0.293346 1849
0.293346 1848
0.293346 1847
0.293346 1846
0.293346 1845
0.293346 1844
0.293346 1843
0.293241 1842
0.292509 1841
0.291624 1841
0.291624 1840
0.291624 1839
0.291404 1838
0.291404 1837
0.291213 1836
0.291213 1835
0.291213 1834
0.291213 1833
0.291138 1832
0.291138 1831
0.291138 1830
0.290981 1830
0.290981 1829
0.290981 1828
0.290981 1827
0.290981 1826
0.290981 1825
0.290981 1824
0.290981 1823
0.290981 1822
0.290981 1821
0.290981 1820
0.290981 1819
0.290981 1818
0.290981 1817
0.29096 1816
0.29096 1815
0.29096 1814
0.290744 1814
0.290744 1813
0.290744 1812
0.290744 1811
0.290744 1810
0.290744 1809
0.290744 1808
0.290744 1807
0.290744 1806
0.290724 1805
0.290724 1804
0.290724 1803
0.290724 1802
0.290724 1801
0.290591 1801
0.290591 1800
0.290591 1799
0.290389 1798
0.290389 1797
0.28935 1797
0.28935 1796
0.28935 1795
0.28935 1794
0.28935 1793
0.28935 1792
0.28935 1791
0.28935 1790
0.28935 1789
0.289179 1788
0.289179 1787
0.289179 1786
0.289179 1785
0.289179 1784
0.289102 1783
0.289102 1782
0.289102 1781
0.289102 1780
0.289102 1779
0.289102 1778
0.289102 1777
0.289102 1776
0.289102 1775
0.289058 1774
0.289058 1773
0.289058 1772
0.289058 1771
0.289058 1770
0.289058 1769
0.289058 1768
0.289058 1767
0.289058 1766
0.289058 1765
0.289014 1764
0.289014 1763
0.289014 1762
0.289014 1761
0.289014 1760
0.289014 1759
0.289014 1758
0.289014 1757
0.289014 1756
0.289014 1755
0.289014 1754
0.288842 1754
0.288842 1753
0.288842 1752
0.288842 1751
0.288842 1750
0.288842 1749
0.288842 1748
0.288842 1747
0.288842 1746
0.288538 1745
0.288538 1744
0.288538 1743
0.288538 1742
0.288538 1741
0.288538 1740
0.288538 1739
0.288174 1738
0.288174 1737
0.288174 1736
0.288174 1735
0.288174 1734
0.288174 1733
0.288174 1732
0.288174 1731
0.288174 1730
0.288174 1729
0.288019 1728
0.288019 1727
0.288019 1726
0.288019 1725
0.287881 1724
0.287708 1723
0.287708 1722
0.287554 1721
0.287554 1720
0.287554 1719
0.287554 1718
0.287554 1717
0.287554 1716
0.287402 1715
0.287402 1714
0.287402 1713
0.287402 1712
0.287402 1711
0.287402 1710
0.287402 1709
0.287402 1708
0.287402 1707
0.286934 1706
0.286714 1705
0.286714 1704
0.286714 1703
0.285609 1703
0.285609 1702
0.285609 1701
0.285458 1700
0.285458 1699
0.285458 1698
0.285458 1697
0.285458 1696
0.285458 1695
0.285458 1694
0.284667 1693
0.284667 1692
0.283796 1691
0.283796 1690
0.283796 1689
0.283796 1688
0.283796 1687
0.283796 1686
0.283796 1685
0.283381 1685
0.283381 1684
0.283381 1683
0.282174 1683
0.282174 1682
0.282174 1681
0.282174 1680
0.282174 1679
0.282174 1678
0.282174 1677
0.282174 1676
0.282174 1675
0.282174 1674
0.282174 1673
0.282174 1672
0.282174 1671
0.282174 1670
0.281949 1669
0.281949 1668
0.281949 1667
0.281949 1666
0.281949 1665
0.281832 1664
0.281832 1663
0.281832 1662
0.281732 1661
0.281732 1660
0.281732 1659
0.281732 1658
0.281732 1657
0.281732 1656
0.281732 1655
0.281732 1654
0.281732 1653
0.281732 1652
0.281732 1651
0.281732 1650
0.281732 1649
0.281732 1648
0.281349 1648
0.281349 1647
0.281349 1646
0.281349 1645
0.281349 1644
0.281349 1643
0.281349 1642
0.281217 1641
0.281112 1640
0.281112 1639
0.281112 1638
0.280855 1637
0.280855 1636
0.280855 1635
0.280855 1634
0.280204 1633
0.280204 1632
0.280204 1631
0.280204 1630
0.280107 1630
0.280107 1629
0.280107 1628
0.280107 1627
0.280107 1626
0.280107 1625
0.280107 1624
0.280107 1623
0.280107 1622
0.280107 1621
0.280107 1620
0.278943 1620
0.278943 1619
0.278943 1618
0.27856 1618
0.27856 1617
0.27856 1616
0.27856 1615
0.27856 1614
0.27856 1613
0.277546 1613
0.277546 1612
0.277546 1611
0.277546 1610
0.277546 1609
0.277546 1608
0.277546 1607
0.276577 1606
0.276577 1605
0.276577 1604
0.276577 1603
0.276577 1602
0.276577 1601
0.276577 1600
0.276187 1600
0.276187 1599
0.276187 1598
0.276187 1597
0.276187 1596
0.276187 1595
0.276187 1594
0.276187 1593
0.276187 1592
0.276187 1591
0.275434 1590
0.275434 1589
0.275434 1588
0.275434 1587
0.275341 1586
0.275341 1585
0.275237 1584
0.275237 1583
0.275237 1582
0.275067 1581
0.275067 1580
0.275067 1579
0.274211 1578
0.274211 1577
0.274211 1576
0.274211 1575
0.274211 1574
0.274211 1573
0.274211 1572
0.274211 1571
0.274211 1570
0.274 1569
0.274 1568
0.274 1567
0.274 1566
0.274 1565
0.274 1564
0.274 1563
0.274 1562
0.27388 1562
0.27388 1561
0.27388 1560
0.273142 1559
0.273142 1558
0.272464 1557
0.272464 1556
0.272464 1555
0.272464 1554
0.272464 1553
0.272464 1552
0.272464 1551
0.272464 1550
0.272244 1549
0.272244 1548
0.272244 1547
0.272244 1546
0.272244 1545
0.272159 1544
0.272159 1543
0.272159 1542
0.272159 1541
0.271115 1541
0.271115 1540
0.271115 1539
0.27105 1538
0.27105 1537
0.27002 1537
0.27002 1536
0.27002 1535
0.27002 1534
0.269762 1534
0.269762 1533
0.269654 1532
0.269654 1531
0.269654 1530
0.269654 1529
0.269654 1528
0.269654 1527
0.269654 1526
0.269654 1525
0.269654 1524
0.269654 1523
0.269654 1522
0.269654 1521
0.269654 1520
0.269654 1519
0.269654 1518
0.269307 1517
0.269307 1516
0.269307 1515
0.269307 1514
0.269307 1513
0.268164 1513
0.268164 1512
0.268164 1511
0.268164 1510
0.268164 1509
0.268164 1508
0.268164 1507
0.268164 1506
0.268164 1505
0.268164 1504
0.268164 1503
0.268164 1502
0.268164 1501
0.268164 1500
0.268164 1499
0.268164 1498
0.266844 1498
0.266844 1497
0.266844 1496
0.266598 1495
0.266598 1494
0.266598 1493
0.265588 1493
0.265588 1492
0.265588 1491
0.265433 1491
0.265433 1490
0.265433 1489
0.265433 1488
0.265295 1487
0.265295 1486
0.265295 1485
0.264401 1484
0.264401 1483
0.264401 1482
0.264401 1481
0.264401 1480
0.264401 1479
0.264401 1478
0.263895 1477
0.263895 1476
0.263895 1475
0.263895 1474
0.263474 1473
0.263474 1472
0.263474 1471
0.263474 1470
0.263474 1469
0.263474 1468
0.263474 1467
0.263474 1466
0.263474 1465
0.263474 1464
0.263474 1463
0.263474 1462
0.263474 1461
0.263474 1460
0.263341 1459
0.26323 1458
0.26323 1457
0.26323 1456
0.26323 1455
0.26323 1454
0.26323 1453
0.26323 1452
0.26323 1451
0.26323 1450
0.26323 1449
0.26323 1448
0.262434 1447
0.262434 1446
0.261586 1445
0.261586 1444
0.261586 1443
0.261586 1442
0.261586 1441
0.261426 1441
0.261423 1440
0.261423 1439
0.261423 1438
0.261289 1437
0.261289 1436
0.261289 1435
0.261289 1434
0.261289 1433
0.261289 1432
0.261289 1431
0.261289 1430
0.261289 1429
0.261289 1428
0.261289 1427
0.261289 1426
0.261289 1425
0.261289 1424
0.261289 1423
0.261289 1422
0.261289 1421
0.261289 1420
0.261172 1419
0.261172 1418
0.261172 1417
0.261172 1416
0.261172 1415
0.261172 1414
0.261172 1413
0.26116 1412
0.26116 1411
0.261084 1410
0.261084 1409
0.260967 1408
0.260967 1407
0.260967 1406
0.260967 1405
0.260967 1404
0.260967 1403
0.260967 1402
0.260967 1401
0.260967 1400
0.260217 1399
0.260177 1398
0.260177 1397
0.260177 1396
0.260177 1395
0.260177 1394
0.260177 1393
0.260177 1392
0.260177 1391
0.260177 1390
0.260177 1389
0.260177 1388
0.260078 1387
0.260078 1386
0.260078 1385
0.260078 1384
0.260033 1383
0.260033 1382
0.260033 1381
0.260033 1380
0.260033 1379
0.260033 1378
0.259988 1377
0.259988 1376
0.259988 1375
0.259988 1374
0.258947 1374
0.258947 1373
0.258757 1372
0.258541 1371
0.258541 1370
0.258541 1369
0.257678 1368
0.257678 1367
0.257678 1366
0.257659 1365
0.257659 1364
0.257635 1363
0.257635 1362
0.257635 1361
0.257619 1360
0.257619 1359
0.257619 1358
0.257619 1357
0.257619 1356
0.257619 1355
0.257619 1354
0.257619 1353
0.257619 1352
0.257619 1351
0.257619 1350
0.257619 1349
0.257619 1348
0.257619 1347
0.257619 1346
0.257619 1345
0.257619 1344
0.257619 1343
0.257619 1342
0.257619 1341
0.257619 1340
0.257619 1339
0.257619 1338
0.257619 1337
0.257619 1336
0.257619 1335
0.257619 1334
0.25733 1333
0.25733 1332
0.25733 1331
0.25733 1330
0.25733 1329
0.25733 1328
0.25733 1327
0.25733 1326
0.25733 1325
0.25733 1324
0.25733 1323
0.25733 1322
0.25733 1321
0.257179 1320
0.257179 1319
0.257179 1318
0.257179 1317
0.257179 1316
0.257077 1315
0.256904 1314
0.256904 1313
0.256377 1312
0.256377 1311
0.2563 1311
0.2563 1310
0.2563 1309
0.2563 1308
0.2563 1307
0.2563 1306
0.2563 1305
0.2563 1304
0.2563 1303
0.2563 1302
0.2563 1301
0.2563 1300
0.256197 1299
0.256197 1298
0.256197 1297
0.256197 1296
0.256197 1295
0.256197 1294
0.256197 1293
0.256197 1292
0.256197 1291
0.256197 1290
0.256197 1289
0.256197 1288
0.255213 1288
0.255213 1287
0.255213 1286
0.255213 1285
0.255213 1284
0.255213 1283
0.255213 1282
0.255213 1281
0.254405 1280
0.254186 1280
0.254186 1279
0.254186 1278
0.254186 1277
0.254154 1276
0.254154 1275
0.254154 1274
0.254154 1273
0.254154 1272
0.254154 1271
0.254154 1270
0.254154 1269
0.254154 1268
0.254154 1267
0.254154 1266
0.253609 1265
0.253609 1264
0.253609 1263
0.253609 1262
0.253609 1261
0.253609 1260
0.253609 1259
0.253609 1258
0.253185 1258
0.253185 1257
0.253185 1256
0.252943 1255
0.252943 1254
0.252943 1253
0.252943 1252
0.252943 1251
0.252943 1250
0.252943 1249
0.25197 1249
0.25197 1248
0.25197 1247
0.25197 1246
0.25197 1245
0.25197 1244
0.25197 1243
0.25197 1242
0.251757 1242
0.251757 1241
0.251757 1240
0.251757 1239
0.251757 1238
0.250797 1237
0.250797 1236
0.250797 1235
0.250797 1234
0.250797 1233
0.250797 1232
0.250797 1231
0.250797 1230
0.250797 1229
0.250797 1228
0.250797 1227
0.250797 1226
0.250777 1225
0.250777 1224
0.250777 1223
0.250777 1222
0.250777 1221
0.250777 1220
0.250777 1219
0.250777 1218
0.250777 1217
0.250573 1216
0.250573 1215
0.250573 1214
0.249777 1213
0.249777 1212
0.249777 1211
0.249777 1210
0.249777 1209
0.249777 1208
0.249733 1208
0.249643 1207
0.249643 1206
0.249643 1205
0.249643 1204
0.249643 1203
0.249643 1202
0.249631 1201
0.249631 1200
0.249631 1199
0.249631 1198
0.249631 1197
0.249631 1196
0.249631 1195
0.249631 1194
0.249631 1193
0.249631 1192
0.249631 1191
0.249631 1190
0.249631 1189
0.249631 1188
0.249631 1187
0.249631 1186
0.248957 1185
0.248957 1184
0.248957 1183
0.248957 1182
0.248957 1181
0.248957 1180
0.248957 1179
0.248957 1178
0.248957 1177
0.248957 1176
0.248957 1175
0.248957 1174
0.248051 1173
0.248051 1172
0.248051 1171
0.248051 1170
0.248051 1169
0.248051 1168
0.248051 1167
0.248045 1166
0.248045 1165
0.248045 1164
0.248045 1163
0.248045 1162
0.248045 1161
0.248045 1160
0.248045 1159
0.248045 1158
0.248045 1157
0.248045 1156
0.248045 1155
0.248045 1154
0.248045 1153
0.248045 1152
0.248045 1151
0.246981 1151
0.246981 1150
0.246981 1149
0.246981 1148
0.245912 1148
0.245912 1147
0.245912 1146
0.245299 1145
0.245299 1144
0.245141 1143
0.245141 1142
0.244205 1141
0.244205 1140
0.244205 1139
0.244205 1138
0.244205 1137
0.244205 1136
0.244205 1135
0.244205 1134
0.244205 1133
0.244205 1132
0.244205 1131
0.244205 1130
0.244205 1129
0.243374 1128
0.243374 1127
0.243374 1126
0.243374 1125
0.243374 1124
0.243374 1123
0.243374 1122
0.243374 1121
0.243374 1120
0.243374 1119
0.243374 1118
0.243374 1117
0.243374 1116
0.243374 1115
0.243374 1114
0.243374 1113
0.243374 1112
0.242486 1112
0.242486 1111
0.241543 1110
0.241543 1109
0.241543 1108
0.241327 1107
0.241327 1106
0.240868 1105
0.240868 1104
0.240868 1103
0.24082 1102
0.24082 1101
0.24082 1100
0.240023 1099
0.239924 1098
0.239924 1097
0.239924 1096
0.239924 1095
0.239924 1094
0.239512 1094
0.239512 1093
0.239265 1092
0.239265 1091
0.239265 1090
0.239265 1089
0.239265 1088
0.239265 1087
0.239265 1086
0.239072 1085
0.239072 1084
0.239072 1083
0.239072 1082
0.239072 1081
0.239072 1080
0.238892 1079
0.238573 1078
0.238573 1077
0.238573 1076
0.238573 1075
0.238573 1074
0.238573 1073
0.238573 1072
0.238573 1071
0.238573 1070
0.23782 1069
0.237696 1069
0.237696 1068
0.236857 1067
0.236857 1066
0.236857 1065
0.236857 1064
0.236857 1063
0.236857 1062
0.236857 1061
0.236857 1060
0.236857 1059
0.236857 1058
0.236857 1057
0.236857 1056
0.236857 1055
0.236736 1055
0.236736 1054
0.236736 1053
0.236736 1052
0.236736 1051
0.236736 1050
0.236736 1049
0.236736 1048
0.236736 1047
0.236736 1046
0.236607 1046
0.236607 1045
0.236607 1044
0.236607 1043
0.236607 1042
0.236607 1041
0.236607 1040
0.236607 1039
0.236607 1038
0.236477 1037
0.236477 1036
0.236477 1035
0.236477 1034
0.236477 1033
0.236477 1032
0.236477 1031
0.236477 1030
0.236477 1029
0.236477 1028
0.236477 1027
0.236477 1026
0.236477 1025
0.236477 1024
0.236477 1023
0.236477 1022
0.236477 1021
0.236477 1020
0.236477 1019
0.235597 1018
0.235597 1017
0.235597 1016
0.235597 1015
0.235597 1014
0.234773 1013
0.234773 1012
0.234773 1011
0.234773 1010
0.234709 1009
0.234709 1008
0.234709 1007
0.234709 1006
0.234621 1005
0.234621 1004
0.234621 1003
0.234621 1002
0.234621 1001
0.234621 1000
0.234561 999
0.234561 998
0.234561 997
0.234051 997
0.234051 996
0.234051 995
0.234051 994
0.234051 993
0.234051 992
0.234051 991
0.234051 990
0.234051 989
0.234051 988
0.234051 987
0.233341 986
0.233341 985
0.233341 984
0.233341 983
0.233341 982
0.23323 981
0.231982 981
0.231681 981
0.231681 980
0.230733 979
0.230733 978
0.230733 977
0.230733 976
0.230733 975
0.230046 974
0.230046 973
0.230017 972
0.230017 971
0.230017 970
0.230017 969
0.230017 968
0.230017 967
0.229889 966
0.229776 965
0.229776 964
0.229776 963
0.229776 962
0.229776 961
0.229776 960
0.229776 959
0.229776 958
0.229776 957
0.229776 956
0.229776 955
0.229776 954
0.229776 953
0.229776 952
0.229776 951
0.229776 950
0.229776 949
0.229776 948
0.229776 947
0.229776 946
0.229776 945
0.229776 944
0.229719 943
0.229719 942
0.229719 941
0.229719 940
0.229719 939
0.229719 938
0.22968 937
0.22968 936
0.22968 935
0.22968 934
0.22968 933
0.22968 932
0.22968 931
0.22968 930
0.22968 929
0.22968 928
0.22968 927
0.229177 926
0.229101 925
0.229066 924
0.229066 923
0.229066 922
0.229066 921
0.229066 920
0.229066 919
0.228908 919
0.228743 919
0.228743 918
0.228524 917
0.228524 916
0.228524 915
0.228524 914
0.228524 913
0.228524 912
0.228524 911
0.228524 910
0.228524 909
0.228374 909
0.228289 908
0.228289 907
0.228289 906
0.228289 905
0.227549 904
0.227549 903
0.227452 902
0.227452 901
0.227293 901
0.22719 900
0.22719 899
0.22719 898
0.22719 897
0.22719 896
0.22719 895
0.22719 894
0.22719 893
0.22719 892
0.22719 891
0.22719 890
0.22719 889
0.22719 888
0.227138 887
0.227138 886
0.227138 885
0.227138 884
0.226616 883
0.226616 882
0.226616 881
0.226616 880
0.226616 879
0.226616 878
0.226616 877
0.226616 876
0.226616 875
0.226616 874
0.226592 873
0.226592 872
0.226592 871
0.226592 870
0.226592 869
0.226592 868
0.226592 867
0.226592 866
0.226592 865
0.226592 864
0.226592 863
0.226494 862
0.225687 861
0.225379 861
0.225379 860
0.225379 859
0.225228 859
0.225228 858
0.225228 857
0.225228 856
0.225228 855
0.225228 854
0.225228 853
0.225228 852
0.225228 851
0.224087 851
0.224087 850
0.224087 849
0.224087 848
0.224087 847
0.224087 846
0.224087 845
0.224087 844
0.224087 843
0.224087 842
0.223793 842
0.223793 841
0.223793 840
0.223793 839
0.223793 838
0.223793 837
0.223793 836
0.223482 836
0.223154 835
0.223154 834
0.223154 833
0.223154 832
0.223154 831
0.223154 830
0.223154 829
0.223154 828
0.222991 828
0.222991 827
0.222991 826
0.222991 825
0.222991 824
0.222982 823
0.222982 822
0.222982 821
0.222982 820
0.222166 819
0.222166 818
0.222166 817
0.221925 816
0.221925 815
0.221925 814
0.221687 813
0.221687 812
0.221118 811
0.221118 810
0.221118 809
0.221104 808
0.221104 807
0.221104 806
0.221104 805
0.221104 804
0.221104 803
0.221104 802
0.220902 801
0.220902 800
0.220902 799
0.220833 798
0.220833 797
0.220833 796
0.220833 795
0.220833 794
0.220833 793
0.22004 792
0.22004 791
0.22004 790
0.22004 789
0.22004 788
0.22004 787
0.219188 786
0.219188 785
0.219188 784
0.219028 784
0.219028 783
0.219028 782
0.219028 781
0.219028 780
0.219028 779
0.219028 778
0.218698 778
0.218698 777
0.218698 776
0.218494 775
0.218494 774
0.218494 773
0.218494 772
0.218494 771
0.217633 770
0.217633 769
0.217633 768
0.217385 768
0.217385 767
0.217385 766
0.217385 765
0.217385 764
0.217269 763
0.217269 762
0.217269 761
0.217269 760
0.217269 759
0.216275 759
0.216275 758
0.216275 757
0.216275 756
0.216275 755
0.216275 754
0.215962 754
0.215055 753
0.214791 752
0.214333 751
0.214333 750
0.214333 749
0.214333 748
0.213357 748
0.213357 747
0.213357 746
0.21316 746
0.21316 745
0.21316 744
0.21316 743
0.21316 742
0.21316 741
0.21316 740
0.21316 739
0.212963 739
0.212138 738
0.212138 737
0.212138 736
0.212138 735
0.212138 734
0.212087 733
0.212087 732
0.212087 731
0.212087 730
0.212087 729
0.212087 728
0.212087 727
0.212087 726
0.212087 725
0.212087 724
0.212087 723
0.212087 722
0.212061 721
0.211201 720
0.211201 719
0.211201 718
0.211201 717
0.210777 716
0.210777 715
0.210777 714
0.209942 713
0.209942 712
0.209942 711
0.209105 710
0.209105 709
0.209105 708
0.209105 707
0.208646 706
0.208646 705
0.208646 704
0.208646 703
0.208646 702
0.208646 701
0.208646 700
0.208646 699
0.207592 699
0.207592 698
0.207044 697
0.207044 696
0.207044 695
0.205808 695
0.205808 694
0.205808 693
0.205808 692
0.205808 691
0.205808 690
0.205083 689
0.205083 688
0.204583 687
0.204583 686
0.204212 686
0.204212 685
0.204212 684
0.204212 683
0.204154 682
0.204154 681
0.204154 680
0.204154 679
0.204154 678
0.204154 677
0.204154 676
0.204154 675
0.204154 674
0.203292 673
0.203292 672
0.203292 671
0.202456 670
0.202456 669
0.202456 668
0.202456 667
0.202105 667
0.202097 666
0.202097 665
0.201118 665
0.201032 664
0.200937 663
0.200937 662
0.200937 661
0.200937 660
0.200937 659
0.200937 658
0.200937 657
0.200937 656
0.200937 655
0.200937 654
0.200937 653
0.200829 653
0.200829 652
0.200828 651
0.200828 650
0.200828 649
0.200828 648
0.200828 647
0.200741 646
0.200675 645
0.200675 644
0.200675 643
0.200675 642
0.200675 640
0.200675 639
0.200675 638
0.200675 637
0.200675 636
0.200675 635
0.200675 634
0.200675 633
0.199565 633
0.199463 632
0.198573 631
0.198573 630
0.198573 629
0.198573 628
0.198573 627
0.198375 627
0.197924 627
0.197924 626
0.197924 625
0.197924 624
0.197924 623
0.197032 622
0.197032 621
0.197032 620
0.196083 619
0.196083 618
0.196083 617
0.19602 616
0.19602 615
0.19602 614
0.19602 613
0.19602 612
0.19602 611
0.19602 610
0.19602 609
0.19496 609
0.194928 608
0.194928 607
0.194928 606
0.194928 605
0.194928 604
0.194812 604
0.194812 603
0.194812 602
0.1941 601
0.1941 600
0.1941 599
0.1941 598
0.1941 597
0.194069 596
0.194069 595
0.194069 594
0.193311 593
0.193311 592
0.193311 591
0.192359 590
0.192359 589
0.19164 588
0.19164 587
0.19164 586
0.19164 585
0.19164 584
0.191429 583
0.191429 582
0.19059 581
0.190574 580
0.190524 579
0.190524 578
0.190524 577
0.190524 576
0.190511 575
0.190511 574
0.190511 573
0.190511 572
0.189527 572
0.189527 571
0.189527 570
0.189527 569
0.189527 568
0.189527 567
0.189453 566
0.189453 565
0.189453 564
0.188316 564
0.188316 563
0.188316 562
0.188316 561
0.188316 560
0.188316 559
0.188316 558
0.188316 557
0.187111 557
0.187111 556
0.186458 555
0.186415 554
0.186415 553
0.186415 552
0.186415 551
0.186415 550
0.185558 549
0.18555 548
0.18555 547
0.18555 546
0.184473 546
0.184473 545
0.184473 544
0.184473 543
0.184473 542
0.184473 541
0.184473 540
0.183402 540
0.183362 539
0.183362 538
0.18318 537
0.18318 536
0.18318 535
0.18318 534
0.18318 533
0.18318 532
0.18318 531
0.182414 530
0.182414 529
0.182241 528
0.181811 527
0.181732 526
0.181732 525
0.181732 524
0.181668 523
0.180727 522
0.180727 521
0.180187 520
0.179252 519
0.179252 518
0.179252 517
0.179252 516
0.178361 515
0.178361 514
0.178361 513
0.178361 512
0.178361 511
0.178361 510
0.178361 509
0.178361 508
0.178104 508
0.178104 507
0.178104 506
0.178104 505
0.178058 504
0.178058 503
0.178058 502
0.177253 501
0.177253 500
0.177253 499
0.177253 498
0.177253 497
0.177253 496
0.177116 495
0.177116 494
0.177116 493
0.177047 491
0.176991 490
0.176427 489
0.175368 489
0.175368 488
0.175368 487
0.175368 486
0.175368 485
0.175049 484
0.175049 483
0.175049 482
0.174176 481
0.174176 480
0.174127 479
0.174127 478
0.174127 477
0.17314 477
0.17314 476
0.17314 475
0.172245 474
0.172245 473
0.172245 471
0.172245 470
0.172245 469
0.172134 468
0.171996 468
0.171996 467
0.171996 466
0.171996 465
0.171996 464
0.171996 463
0.171996 462
0.171996 461
0.171996 460
0.171996 459
0.171996 458
0.171996 457
0.171996 456
0.171996 455
0.171996 454
0.171935 454
0.171935 453
0.171782 452
0.171782 451
0.170668 451
0.170664 450
0.170664 449
0.170664 448
0.170541 447
0.170001 447
0.170001 446
0.170001 445
0.16894 445
0.16894 444
0.168304 443
0.168304 442
0.168304 441
0.167151 441
0.167151 440
0.167151 439
0.167151 438
0.167151 437
0.167151 436
0.166185 435
0.166185 434
0.165283 433
0.164341 432
0.164341 431
0.164341 430
0.163508 429
0.163508 428
0.163508 427
0.163508 426
0.163508 425
0.163508 424
0.163508 423
0.163508 422
0.163508 421
0.163508 420
0.162852 419
0.16155 417
0.16155 416
0.16155 415
0.16155 414
0.16155 413
0.160677 412
0.160677 411
0.159514 411
0.15923 409
0.15923 408
0.15923 407
0.158394 406
0.157465 404
0.157465 403
0.157465 402
0.157465 401
0.156485 401
0.156485 400
0.156485 399
0.156485 398
0.156485 397
0.156485 396
0.156485 394
0.155372 394
0.155372 393
0.155372 392
0.155372 391
0.155372 390
0.155207 390
0.155207 389
0.154988 388
0.154988 387
0.153886 387
0.153886 385
0.153832 384
0.153832 383
0.153832 382
0.153832 381
0.153832 380
0.152754 380
0.151737 379
0.151648 378
0.151648 377
0.151648 376
0.151648 375
0.151648 374
0.151648 373
0.151648 372
0.151579 372
0.151579 371
0.151241 370
0.151169 370
0.151169 369
0.150435 367
0.150435 366
0.149883 365
0.149883 364
0.148853 363
0.148853 362
0.148853 361
0.148853 360
0.148853 359
0.148776 358
0.14772 358
0.14772 357
0.14772 355
0.147362 355
0.147277 354
0.14618 353
0.14618 352
0.145567 351
0.145567 350
0.145567 349
0.145567 348
0.14501 347
0.14501 346
0.144215 345
0.143662 344
0.143662 343
0.143649 342
0.143649 341
0.143649 340
0.143649 339
0.143649 338
0.143649 336
0.143649 335
0.143649 334
0.14278 333
0.14262 332
0.14262 331
0.14242 331
0.14242 330
0.142387 329
0.141224 329
0.141224 328
0.141224 327
0.140391 325
0.140033 325
0.140033 324
0.139835 324
0.139835 323
0.138911 320
0.138911 319
0.138911 318
0.138911 317
0.138911 316
0.138911 315
0.138911 314
0.138898 313
0.138872 312
0.138789 310
0.138466 309
0.137689 307
0.137254 306
0.137254 305
0.137254 303
0.137254 302
0.136155 302
0.136155 301
0.136155 300
0.134938 300
0.134929 299
0.134929 298
0.134929 296
0.134888 295
0.134888 294
0.132936 293
0.131746 293
0.129594 292
0.129293 291
0.127148 290
0.127148 289
0.127148 287
0.126139 287
0.126139 285
0.126139 284
0.126093 283
0.124969 280
0.123076 278
0.122235 276
0.121165 276
0.121165 275
0.120365 273
0.120365 270
0.118251 267
0.118251 266
0.118251 263
0.118251 262
0.116572 259
0.116553 257
0.11569 253
0.112216 247
0.111088 245
0.110257 238
0.107136 237
0.10296 231
0.101021 225
0.0998989 222
0.0980408 217
0.0942709 210
0.0934091 199
0.0910459 191
0.0846521 179
0.0766273 138
0 0
