0.502913 4665 0.99999
0.502913 4664 0.99999
0.502913 4663 0.99999
0.502913 4662 0.99999
0.502913 4661 0.99999
0.502913 4660 0.99999
0.502913 4659 0.99999
0.502913 4658 0.99999
0.502913 4657 0.99999
0.502913 4656 0.99999
0.502913 4655 0.99999
0.502913 4654 0.99999
0.502913 4653 0.99999
0.502913 4652 0.99999
0.502913 4651 0.99999
0.502913 4650 0.99999
0.502913 4649 0.99999
0.502913 4648 0.99999
0.502913 4647 0.99999
0.502913 4646 0.99999
0.502913 4645 0.99999
0.502913 4644 0.99999
0.502913 4643 0.99999
0.502913 4642 0.99999
0.502913 4641 0.99999
0.502913 4640 0.99999
0.502913 4639 0.99999
0.502913 4638 0.99999
0.502913 4637 0.99999
0.502913 4636 0.99999
0.502913 4635 0.99999
0.502913 4634 0.99999
0.502913 4633 0.99999
0.502913 4632 0.99999
0.502913 4631 0.99999
0.502913 4630 0.99999
0.502913 4629 0.99999
0.502913 4628 0.99999
0.502913 4627 0.99999
0.502913 4626 0.99999
0.502913 4625 0.99999
0.502913 4624 0.99999
0.502913 4623 0.99999
0.502913 4622 0.999991
0.502913 4621 0.999991
0.502913 4620 0.999991
0.502913 4619 0.999991
0.502913 4618 0.999991
0.502913 4617 0.999991
0.502913 4616 0.999991
0.500971 4616 0.999991
0.500971 4615 0.999991
0.500971 4614 0.999991
0.499029 4614 0.999991
0.499029 4613 0.999991
0.499029 4612 0.999991
0.499029 4611 0.999991
0.499029 4610 0.999991
0.499029 4609 0.999991
0.499029 4608 0.999991
0.499029 4607 0.999991
0.499029 4606 0.999991
0.499029 4605 0.999991
0.499029 4604 0.999991
0.499029 4603 0.999991
0.499029 4602 0.999991
0.499029 4601 0.999991
0.499029 4600 0.999991
0.499029 4599 0.999991
0.499029 4598 0.999991
0.499029 4597 0.999991
0.499029 4596 0.999991
0.499029 4595 0.999991
0.499029 4594 0.999991
0.499029 4593 0.999991
0.499029 4592 0.999991
0.499029 4591 0.999991
0.499029 4590 0.999991
0.499029 4589 0.999991
0.499029 4588 0.999991
0.499029 4587 0.999991
0.499029 4586 0.999991
0.499029 4585 0.999991
0.499029 4584 0.999991
0.499029 4583 0.999991
0.499029 4582 0.999991
0.499029 4581 0.999991
0.499029 4580 0.999991
0.497087 4580 0.999991
0.497087 4579 0.999991
0.497087 4578 0.999991
0.497087 4577 0.999991
0.497087 4576 0.999991
0.497087 4575 0.999991
0.497087 4574 0.999991
0.497087 4573 0.999991
0.497087 4572 0.999991
0.497087 4571 0.999991
0.497087 4570 0.999991
0.497087 4569 0.999991
0.497087 4568 0.999991
0.497087 4567 0.999991
0.497087 4566 0.999991
0.497087 4565 0.999991
0.497087 4564 0.999991
0.497087 4563 0.999991
0.497087 4562 0.999991
0.497087 4561 0.999991
0.497087 4560 0.999991
0.497087 4559 0.999991
0.497087 4558 0.999991
0.497087 4557 0.999991
0.497087 4556 0.999991
0.497087 4555 0.999991
0.497087 4554 0.999991
0.497087 4553 0.999991
0.497087 4552 0.999991
0.497087 4551 0.999991
0.497087 4550 0.999991
0.497087 4549 0.999991
0.497087 4548 0.999991
0.497087 4547 0.999991
0.497087 4546 0.999991
0.497087 4545 0.999991
0.497087 4544 0.999991
0.497087 4543 0.999991
0.497087 4542 0.999991
0.497087 4541 0.999991
0.497087 4540 0.999991
0.497087 4539 0.999991
0.497087 4538 0.999991
0.497087 4537 0.999991
0.497087 4536 0.999991
0.497087 4535 0.999991
0.497087 4534 0.999991
0.497087 4533 0.999991
0.497087 4532 0.999991
0.497087 4531 0.999991
0.497087 4530 0.999991
0.497087 4529 0.999991
0.497087 4528 0.999991
0.497087 4527 0.999991
0.497087 4526 0.999991
0.497087 4525 0.999991
0.497087 4524 0.999991
0.497087 4523 0.999991
0.497087 4522 0.999991
0.497087 4521 0.999991
0.497087 4520 0.999992
0.497087 4519 0.999992
0.497087 4518 0.999992
0.497087 4517 0.999992
0.497087 4516 0.999992
0.497087 4515 0.999992
0.497087 4514 0.999992
0.497087 4513 0.999992
0.497087 4512 0.999992
0.497087 4511 0.999992
0.497087 4510 0.999992
0.497087 4509 0.999992
0.497087 4508 0.999992
0.497087 4507 0.999992
0.497087 4506 0.999992
0.497087 4505 0.999992
0.497087 4504 0.999992
0.497087 4503 0.999992
0.497087 4502 0.999992
0.497087 4501 0.999992
0.497087 4500 0.999992
0.497087 4499 0.999992
0.497087 4498 0.999992
0.497087 4497 0.999992
0.497087 4496 0.999992
0.497087 4495 0.999992
0.497087 4494 0.999992
0.497087 4493 0.999992
0.497087 4492 0.999992
0.497087 4491 0.999992
0.497087 4490 0.999992
0.497087 4489 0.999992
0.497087 4488 0.999992
0.497087 4487 0.999992
0.497087 4486 0.999992
0.497087 4485 0.999992
0.497087 4484 0.999992
0.497087 4483 0.999992
0.497087 4482 0.999992
0.497087 4481 0.999992
0.497087 4480 0.999992
0.497087 4479 0.999992
0.497087 4478 0.999992
0.497087 4477 0.999992
0.497087 4476 0.999992
0.497087 4475 0.999992
0.497087 4474 0.999992
0.497087 4473 0.999992
0.497087 4472 0.999992
0.497087 4471 0.999992
0.497087 4470 0.999992
0.497087 4469 0.999992
0.497087 4468 0.999992
0.497087 4467 0.999992
0.497087 4466 0.999992
0.497087 4465 0.999992
0.497087 4464 0.999992
0.497087 4463 0.999992
0.497087 4462 0.999992
0.497087 4461 0.999992
0.497087 4460 0.999992
0.497087 4459 0.999992
0.497087 4458 0.999992
0.497087 4457 0.999992
0.497087 4456 0.999992
0.497087 4455 0.999992
0.497087 4454 0.999992
0.497087 4453 0.999992
0.497087 4452 0.999992
0.497087 4451 0.999992
0.497087 4450 0.999992
0.497087 4449 0.999992
0.497087 4448 0.999992
0.497087 4447 0.999992
0.497087 4446 0.999992
0.497087 4445 0.999992
0.497087 4444 0.999992
0.497087 4443 0.999992
0.497087 4442 0.999992
0.497087 4441 0.999992
0.497087 4440 0.999992
0.497087 4439 0.999993
0.497087 4438 0.999993
0.497087 4437 0.999993
0.497087 4436 0.999993
0.497087 4435 0.999993
0.497087 4434 0.999993
0.497087 4433 0.999993
0.497087 4432 0.999993
0.497087 4431 0.999993
0.497087 4430 0.999993
0.497087 4429 0.999993
0.497087 4428 0.999993
0.497087 4427 0.999993
0.497087 4426 0.999993
0.497087 4425 0.999993
0.497087 4424 0.999993
0.497087 4423 0.999993
0.497087 4422 0.999993
0.497087 4421 0.999993
0.497087 4420 0.999993
0.497087 4419 0.999993
0.497087 4418 0.999993
0.497087 4417 0.999993
0.497087 4416 0.999993
0.497087 4415 0.999993
0.497087 4414 0.999993
0.497087 4413 0.999993
0.497087 4412 0.999993
0.497087 4411 0.999993
0.497087 4410 0.999993
0.497087 4409 0.999993
0.497087 4408 0.999993
0.497087 4407 0.999993
0.497087 4406 0.999993
0.497087 4405 0.999993
0.497087 4404 0.999993
0.497087 4403 0.999993
0.497087 4402 0.999993
0.495146 4402 0.999993
0.495146 4401 0.999993
0.495146 4400 0.999993
0.495146 4399 0.999993
0.495146 4398 0.999993
0.495146 4397 0.999993
0.495146 4396 0.999993
0.495146 4395 0.999993
0.495146 4394 0.999993
0.495146 4393 0.999993
0.495146 4392 0.999993
0.495146 4391 0.999993
0.495146 4390 0.999993
0.495146 4389 0.999993
0.495146 4388 0.999993
0.495146 4387 0.999993
0.495146 4386 0.999993
0.495146 4385 0.999993
0.495146 4384 0.999993
0.495146 4383 0.999993
0.495146 4382 0.999993
0.495146 4381 0.999993
0.495146 4380 0.999993
0.495146 4379 0.999993
0.495146 4378 0.999993
0.495146 4377 0.999993
0.495146 4376 0.999993
0.495146 4375 0.999993
0.495146 4374 0.999993
0.495146 4373 0.999993
0.495146 4372 0.999993
0.495146 4371 0.999993
0.495146 4370 0.999993
0.495146 4369 0.999993
0.495146 4368 0.999993
0.495146 4367 0.999993
0.495146 4366 0.999993
0.495146 4365 0.999993
0.495146 4364 0.999993
0.495146 4363 0.999993
0.495146 4362 0.999993
0.495146 4361 0.999993
0.495146 4360 0.999993
0.495146 4359 0.999993
0.495146 4358 0.999993
0.495146 4357 0.999993
0.495146 4356 0.999993
0.495146 4355 0.999993
0.495146 4354 0.999993
0.495146 4353 0.999993
0.495146 4352 0.999993
0.495146 4351 0.999993
0.495146 4350 0.999993
0.495146 4349 0.999993
0.495146 4348 0.999993
0.495146 4347 0.999993
0.495146 4346 0.999993
0.495146 4345 0.999993
0.495146 4344 0.999993
0.493204 4344 0.999993
0.493204 4343 0.999993
0.493204 4342 0.999993
0.493204 4341 0.999993
0.493204 4340 0.999993
0.491262 4340 0.999993
0.491262 4339 0.999993
0.491262 4338 0.999993
0.491262 4337 0.999993
0.491262 4336 0.999993
0.491262 4335 0.999993
0.491262 4334 0.999993
0.491262 4333 0.999993
0.491262 4332 0.999993
0.491262 4331 0.999993
0.491262 4330 0.999993
0.491262 4329 0.999993
0.491262 4328 0.999993
0.491262 4327 0.999993
0.491262 4326 0.999993
0.491262 4325 0.999993
0.491262 4324 0.999993
0.491262 4323 0.999993
0.491262 4322 0.999993
0.491262 4321 0.999993
0.491262 4320 0.999993
0.491262 4319 0.999993
0.491262 4318 0.999993
0.48932 4318 0.999993
0.48932 4317 0.999993
0.48932 4316 0.999994
0.48932 4315 0.999994
0.48932 4314 0.999994
0.48932 4313 0.999994
0.48932 4312 0.999994
0.48932 4311 0.999994
0.48932 4310 0.999994
0.48932 4309 0.999994
0.48932 4308 0.999994
0.48932 4307 0.999994
0.48932 4306 0.999994
0.48932 4305 0.999994
0.48932 4304 0.999994
0.48932 4303 0.999994
0.48932 4302 0.999994
0.48932 4301 0.999994
0.48932 4300 0.999994
0.48932 4299 0.999994
0.48932 4298 0.999994
0.48932 4297 0.999994
0.48932 4296 0.999994
0.48932 4295 0.999994
0.487379 4295 0.999994
0.487379 4294 0.999994
0.487379 4293 0.999994
0.487379 4292 0.999994
0.487379 4291 0.999994
0.487379 4290 0.999994
0.487379 4289 0.999994
0.487379 4288 0.999994
0.487379 4287 0.999994
0.487379 4286 0.999994
0.487379 4285 0.999994
0.487379 4284 0.999994
0.487379 4283 0.999994
0.487379 4282 0.999994
0.487379 4281 0.999994
0.487379 4280 0.999994
0.487379 4279 0.999994
0.487379 4278 0.999994
0.487379 4277 0.999994
0.487379 4276 0.999994
0.485437 4276 0.999994
0.485437 4275 0.999994
0.485437 4274 0.999994
0.485437 4273 0.999994
0.485437 4272 0.999994
0.485437 4271 0.999994
0.485437 4270 0.999994
0.485437 4269 0.999994
0.485437 4268 0.999994
0.485437 4267 0.999994
0.485437 4266 0.999994
0.485437 4265 0.999994
0.485437 4264 0.999994
0.485437 4263 0.999994
0.485437 4262 0.999994
0.485437 4261 0.999994
0.485437 4260 0.999994
0.485437 4259 0.999994
0.485437 4258 0.999994
0.485437 4257 0.999994
0.485437 4256 0.999994
0.485437 4255 0.999994
0.485437 4254 0.999994
0.485437 4253 0.999994
0.485437 4252 0.999994
0.485437 4251 0.999994
0.485437 4250 0.999994
0.485437 4249 0.999994
0.485437 4248 0.999994
0.485437 4247 0.999994
0.485437 4246 0.999994
0.485437 4245 0.999994
0.485437 4244 0.999994
0.485437 4243 0.999994
0.485437 4242 0.999994
0.485437 4241 0.999994
0.485437 4240 0.999994
0.485437 4239 0.999994
0.485437 4238 0.999994
0.485437 4237 0.999994
0.485437 4236 0.999994
0.485437 4235 0.999994
0.485437 4234 0.999994
0.485437 4233 0.999994
0.485437 4232 0.999994
0.485437 4231 0.999994
0.485437 4230 0.999994
0.483495 4230 0.999994
0.483495 4229 0.999994
0.483495 4228 0.999994
0.483495 4227 0.999994
0.483495 4226 0.999994
0.483495 4225 0.999994
0.483495 4224 0.999994
0.483495 4223 0.999994
0.483495 4222 0.999994
0.483495 4221 0.999994
0.483495 4220 0.999994
0.483495 4219 0.999994
0.483495 4218 0.999994
0.483495 4217 0.999994
0.483495 4216 0.999994
0.483495 4215 0.999994
0.483495 4214 0.999994
0.483495 4213 0.999994
0.483495 4212 0.999994
0.483495 4211 0.999994
0.483495 4210 0.999994
0.483495 4209 0.999994
0.483495 4208 0.999994
0.483495 4207 0.999994
0.483495 4206 0.999994
0.483495 4205 0.999994
0.483495 4204 0.999994
0.483495 4203 0.999994
0.483495 4202 0.999994
0.483495 4201 0.999994
0.483495 4200 0.999994
0.483495 4199 0.999994
0.483495 4198 0.999994
0.483495 4197 0.999994
0.483495 4196 0.999994
0.483495 4195 0.999994
0.483495 4194 0.999994
0.483495 4193 0.999994
0.483495 4192 0.999994
0.483495 4191 0.999994
0.483495 4190 0.999994
0.483495 4189 0.999994
0.483495 4188 0.999994
0.483495 4187 0.999994
0.483495 4186 0.999994
0.483495 4185 0.999994
0.483495 4184 0.999994
0.483495 4183 0.999994
0.483495 4182 0.999994
0.483495 4181 0.999994
0.483495 4180 0.999994
0.483495 4179 0.999994
0.483495 4178 0.999995
0.483495 4177 0.999995
0.483495 4176 0.999995
0.483495 4175 0.999995
0.483495 4174 0.999995
0.483495 4173 0.999995
0.483495 4172 0.999995
0.483495 4171 0.999995
0.483495 4170 0.999995
0.483495 4169 0.999995
0.483495 4168 0.999995
0.483495 4167 0.999995
0.483495 4166 0.999995
0.483495 4165 0.999995
0.483495 4164 0.999995
0.483495 4163 0.999995
0.483495 4162 0.999995
0.483495 4161 0.999995
0.483495 4160 0.999995
0.483495 4159 0.999995
0.483495 4158 0.999995
0.483495 4157 0.999995
0.483495 4156 0.999995
0.483495 4155 0.999995
0.483495 4154 0.999995
0.483495 4153 0.999995
0.483495 4152 0.999995
0.481553 4152 0.999995
0.481553 4151 0.999995
0.481553 4150 0.999995
0.481553 4149 0.999995
0.481553 4148 0.999995
0.479612 4148 0.999995
0.479612 4147 0.999995
0.479612 4146 0.999995
0.479612 4145 0.999995
0.479612 4144 0.999995
0.479612 4143 0.999995
0.479612 4142 0.999995
0.479612 4141 0.999995
0.479612 4140 0.999995
0.479612 4139 0.999995
0.479612 4138 0.999995
0.479612 4137 0.999995
0.479612 4136 0.999995
0.479612 4135 0.999995
0.479612 4134 0.999995
0.479612 4133 0.999995
0.479612 4132 0.999995
0.479612 4131 0.999995
0.479612 4130 0.999995
0.479612 4129 0.999995
0.479612 4128 0.999995
0.479612 4127 0.999995
0.479612 4126 0.999995
0.479612 4125 0.999995
0.479612 4124 0.999995
0.479612 4123 0.999995
0.479612 4122 0.999995
0.479612 4121 0.999995
0.479612 4120 0.999995
0.479612 4119 0.999995
0.479612 4118 0.999995
0.479612 4117 0.999995
0.479612 4116 0.999995
0.479612 4115 0.999995
0.479612 4114 0.999995
0.479612 4113 0.999995
0.479612 4112 0.999995
0.479612 4111 0.999995
0.479612 4110 0.999995
0.479612 4109 0.999995
0.479612 4108 0.999995
0.479612 4107 0.999995
0.479612 4106 0.999995
0.479612 4105 0.999995
0.479612 4104 0.999995
0.479612 4103 0.999995
0.479612 4102 0.999995
0.479612 4101 0.999995
0.479612 4100 0.999995
0.479612 4099 0.999995
0.479612 4098 0.999995
0.479612 4097 0.999995
0.479612 4096 0.999995
0.479612 4095 0.999995
0.479612 4094 0.999995
0.479612 4093 0.999995
0.479612 4092 0.999995
0.479612 4091 0.999995
0.479612 4090 0.999995
0.479612 4089 0.999995
0.479612 4088 0.999995
0.479612 4087 0.999995
0.479612 4086 0.999995
0.479612 4085 0.999995
0.479612 4084 0.999995
0.479612 4083 0.999995
0.479612 4082 0.999995
0.479612 4081 0.999995
0.479612 4080 0.999995
0.479612 4079 0.999995
0.479612 4078 0.999995
0.479612 4077 0.999995
0.479612 4076 0.999995
0.479612 4075 0.999995
0.479612 4074 0.999995
0.479612 4073 0.999995
0.479612 4072 0.999995
0.479612 4071 0.999995
0.479612 4070 0.999995
0.479612 4069 0.999995
0.479612 4068 0.999995
0.479612 4067 0.999995
0.479612 4066 0.999995
0.479612 4065 0.999995
0.479612 4064 0.999995
0.479612 4063 0.999995
0.479612 4062 0.999995
0.479612 4061 0.999995
0.47767 4061 0.999995
0.47767 4060 0.999995
0.47767 4059 0.999995
0.47767 4058 0.999995
0.47767 4057 0.999995
0.47767 4056 0.999995
0.47767 4055 0.999995
0.47767 4054 0.999995
0.47767 4053 0.999995
0.47767 4052 0.999995
0.47767 4051 0.999995
0.47767 4050 0.999995
0.47767 4049 0.999995
0.47767 4048 0.999995
0.47767 4047 0.999995
0.47767 4046 0.999995
0.47767 4045 0.999995
0.47767 4044 0.999995
0.47767 4043 0.999995
0.47767 4042 0.999995
0.47767 4041 0.999995
0.47767 4040 0.999995
0.47767 4039 0.999995
0.47767 4038 0.999995
0.47767 4037 0.999995
0.47767 4036 0.999995
0.47767 4035 0.999995
0.47767 4034 0.999995
0.47767 4033 0.999995
0.47767 4032 0.999995
0.47767 4031 0.999995
0.47767 4030 0.999995
0.47767 4029 0.999995
0.47767 4028 0.999995
0.47767 4027 0.999995
0.47767 4026 0.999995
0.47767 4025 0.999995
0.47767 4024 0.999995
0.47767 4023 0.999995
0.47767 4022 0.999996
0.47767 4021 0.999996
0.47767 4020 0.999996
0.47767 4019 0.999996
0.47767 4018 0.999996
0.47767 4017 0.999996
0.47767 4016 0.999996
0.47767 4015 0.999996
0.47767 4014 0.999996
0.47767 4013 0.999996
0.47767 4012 0.999996
0.475728 4012 0.999996
0.475728 4011 0.999996
0.475728 4010 0.999996
0.475728 4009 0.999996
0.475728 4008 0.999996
0.475728 4007 0.999996
0.475728 4006 0.999996
0.475728 4005 0.999996
0.475728 4004 0.999996
0.475728 4003 0.999996
0.475728 4002 0.999996
0.475728 4001 0.999996
0.475728 4000 0.999996
0.475728 3999 0.999996
0.475728 3998 0.999996
0.475728 3997 0.999996
0.475728 3996 0.999996
0.475728 3995 0.999996
0.475728 3994 0.999996
0.475728 3993 0.999996
0.475728 3992 0.999996
0.475728 3991 0.999996
0.475728 3990 0.999996
0.475728 3989 0.999996
0.475728 3988 0.999996
0.475728 3987 0.999996
0.475728 3986 0.999996
0.475728 3985 0.999996
0.475728 3984 0.999996
0.475728 3983 0.999996
0.475728 3982 0.999996
0.475728 3981 0.999996
0.475728 3980 0.999996
0.475728 3979 0.999996
0.475728 3978 0.999996
0.475728 3977 0.999996
0.475728 3976 0.999996
0.475728 3975 0.999996
0.475728 3974 0.999996
0.475728 3973 0.999996
0.475728 3972 0.999996
0.475728 3971 0.999996
0.475728 3970 0.999996
0.475728 3969 0.999996
0.475728 3968 0.999996
0.475728 3967 0.999996
0.475728 3966 0.999996
0.475728 3965 0.999996
0.475728 3964 0.999996
0.475728 3963 0.999996
0.475728 3962 0.999996
0.475728 3961 0.999996
0.475728 3960 0.999996
0.475728 3959 0.999996
0.475728 3958 0.999996
0.475728 3957 0.999996
0.475728 3956 0.999996
0.475728 3955 0.999996
0.475728 3954 0.999996
0.475728 3953 0.999996
0.475728 3952 0.999996
0.475728 3951 0.999996
0.475728 3950 0.999996
0.475728 3949 0.999996
0.475728 3948 0.999996
0.475728 3947 0.999996
0.475728 3946 0.999996
0.475728 3945 0.999996
0.475728 3944 0.999996
0.475728 3943 0.999996
0.475728 3942 0.999996
0.475728 3941 0.999996
0.475728 3940 0.999996
0.475728 3939 0.999996
0.475728 3938 0.999996
0.475728 3937 0.999996
0.475728 3936 0.999996
0.475728 3935 0.999996
0.475728 3934 0.999996
0.475728 3933 0.999996
0.475728 3932 0.999996
0.475728 3931 0.999996
0.475728 3930 0.999996
0.475728 3929 0.999996
0.475728 3928 0.999996
0.475728 3927 0.999996
0.475728 3926 0.999996
0.475728 3925 0.999996
0.475728 3924 0.999996
0.475728 3923 0.999996
0.475728 3922 0.999996
0.475728 3921 0.999996
0.475728 3920 0.999996
0.475728 3919 0.999996
0.475728 3918 0.999996
0.475728 3917 0.999996
0.475728 3916 0.999996
0.475728 3915 0.999996
0.475728 3914 0.999996
0.475728 3913 0.999996
0.475728 3912 0.999996
0.475728 3911 0.999996
0.475728 3910 0.999996
0.475728 3909 0.999996
0.475728 3908 0.999996
0.475728 3907 0.999996
0.475728 3906 0.999996
0.475728 3905 0.999996
0.475728 3904 0.999996
0.475728 3903 0.999996
0.475728 3902 0.999996
0.475728 3901 0.999996
0.475728 3900 0.999996
0.475728 3899 0.999996
0.475728 3898 0.999996
0.475728 3897 0.999996
0.475728 3896 0.999996
0.475728 3895 0.999996
0.475728 3894 0.999996
0.475728 3893 0.999996
0.475728 3892 0.999996
0.475728 3891 0.999996
0.475728 3890 0.999996
0.475728 3889 0.999996
0.475728 3888 0.999996
0.475728 3887 0.999996
0.475728 3886 0.999996
0.475728 3885 0.999996
0.475728 3884 0.999996
0.475728 3883 0.999996
0.475728 3882 0.999996
0.475728 3881 0.999996
0.475728 3880 0.999996
0.475728 3879 0.999996
0.475728 3878 0.999996
0.475728 3877 0.999996
0.475728 3876 0.999996
0.475728 3875 0.999996
0.475728 3874 0.999996
0.475728 3873 0.999996
0.475728 3872 0.999996
0.475728 3871 0.999996
0.475728 3870 0.999996
0.475728 3869 0.999996
0.475728 3868 0.999996
0.475728 3867 0.999996
0.475728 3866 0.999996
0.475728 3865 0.999996
0.475728 3864 0.999996
0.475728 3863 0.999996
0.475728 3862 0.999996
0.475728 3861 0.999996
0.475728 3860 0.999996
0.475728 3859 0.999996
0.475728 3858 0.999996
0.475728 3857 0.999996
0.475728 3856 0.999996
0.475728 3855 0.999996
0.475728 3854 0.999996
0.475728 3853 0.999996
0.475728 3852 0.999996
0.475728 3851 0.999996
0.475728 3850 0.999996
0.475728 3849 0.999996
0.475728 3848 0.999996
0.475728 3847 0.999996
0.475728 3846 0.999997
0.475728 3845 0.999997
0.475728 3844 0.999997
0.475728 3843 0.999997
0.473786 3843 0.999997
0.473786 3842 0.999997
0.473786 3841 0.999997
0.473786 3840 0.999997
0.473786 3839 0.999997
0.473786 3838 0.999997
0.473786 3837 0.999997
0.473786 3836 0.999997
0.473786 3835 0.999997
0.473786 3834 0.999997
0.473786 3833 0.999997
0.473786 3832 0.999997
0.473786 3831 0.999997
0.473786 3830 0.999997
0.473786 3829 0.999997
0.473786 3828 0.999997
0.473786 3827 0.999997
0.473786 3826 0.999997
0.473786 3825 0.999997
0.473786 3824 0.999997
0.473786 3823 0.999997
0.473786 3822 0.999997
0.473786 3821 0.999997
0.473786 3820 0.999997
0.473786 3819 0.999997
0.473786 3818 0.999997
0.473786 3817 0.999997
0.473786 3816 0.999997
0.473786 3815 0.999997
0.473786 3814 0.999997
0.473786 3813 0.999997
0.473786 3812 0.999997
0.473786 3811 0.999997
0.473786 3810 0.999997
0.473786 3809 0.999997
0.473786 3808 0.999997
0.473786 3807 0.999997
0.473786 3806 0.999997
0.473786 3805 0.999997
0.473786 3804 0.999997
0.473786 3803 0.999997
0.473786 3802 0.999997
0.473786 3801 0.999997
0.473786 3800 0.999997
0.473786 3799 0.999997
0.473786 3798 0.999997
0.473786 3797 0.999997
0.473786 3796 0.999997
0.473786 3795 0.999997
0.473786 3794 0.999997
0.473786 3793 0.999997
0.473786 3792 0.999997
0.473786 3791 0.999997
0.473786 3790 0.999997
0.473786 3789 0.999997
0.473786 3788 0.999997
0.473786 3787 0.999997
0.473786 3786 0.999997
0.473786 3785 0.999997
0.473786 3784 0.999997
0.473786 3783 0.999997
0.473786 3782 0.999997
0.473786 3781 0.999997
0.473786 3780 0.999997
0.473786 3779 0.999997
0.473786 3778 0.999997
0.473786 3777 0.999997
0.473786 3776 0.999997
0.473786 3775 0.999997
0.473786 3774 0.999997
0.473786 3773 0.999997
0.473786 3772 0.999997
0.473786 3771 0.999997
0.473786 3770 0.999997
0.473786 3769 0.999997
0.473786 3768 0.999997
0.473786 3767 0.999997
0.473786 3766 0.999997
0.471845 3766 0.999997
0.471845 3765 0.999997
0.471845 3764 0.999997
0.471845 3763 0.999997
0.471845 3762 0.999997
0.471845 3761 0.999997
0.471845 3760 0.999997
0.471845 3759 0.999997
0.471845 3758 0.999997
0.471845 3757 0.999997
0.471845 3756 0.999997
0.471845 3755 0.999997
0.471845 3754 0.999997
0.471845 3753 0.999997
0.471845 3752 0.999997
0.471845 3751 0.999997
0.471845 3750 0.999997
0.471845 3749 0.999997
0.471845 3748 0.999997
0.471845 3747 0.999997
0.471845 3746 0.999997
0.471845 3745 0.999997
0.471845 3744 0.999997
0.471845 3743 0.999997
0.471845 3742 0.999997
0.471845 3741 0.999997
0.471845 3740 0.999997
0.471845 3739 0.999997
0.471845 3738 0.999997
0.471845 3737 0.999997
0.471845 3736 0.999997
0.471845 3735 0.999997
0.471845 3734 0.999997
0.471845 3733 0.999997
0.471845 3732 0.999997
0.471845 3731 0.999997
0.471845 3730 0.999997
0.471845 3729 0.999997
0.471845 3728 0.999997
0.471845 3727 0.999997
0.471845 3726 0.999997
0.471845 3725 0.999997
0.471845 3724 0.999997
0.471845 3723 0.999997
0.471845 3722 0.999997
0.471845 3721 0.999997
0.471845 3720 0.999997
0.471845 3719 0.999997
0.471845 3718 0.999997
0.471845 3717 0.999997
0.471845 3716 0.999997
0.471845 3715 0.999997
0.471845 3714 0.999997
0.471845 3713 0.999997
0.471845 3712 0.999997
0.471845 3711 0.999997
0.471845 3710 0.999997
0.471845 3709 0.999997
0.471845 3708 0.999997
0.471845 3707 0.999997
0.471845 3706 0.999997
0.471845 3705 0.999997
0.471845 3704 0.999997
0.471845 3703 0.999997
0.471845 3702 0.999997
0.471845 3701 0.999997
0.469903 3701 0.999997
0.469903 3700 0.999997
0.469903 3699 0.999997
0.469903 3698 0.999997
0.469903 3697 0.999997
0.469903 3696 0.999997
0.469903 3695 0.999997
0.469903 3694 0.999997
0.469903 3693 0.999997
0.469903 3692 0.999997
0.469903 3691 0.999997
0.469903 3690 0.999997
0.469903 3689 0.999997
0.469903 3688 0.999997
0.469903 3687 0.999997
0.469903 3686 0.999997
0.469903 3685 0.999997
0.469903 3684 0.999997
0.469903 3683 0.999997
0.469903 3682 0.999997
0.469903 3681 0.999997
0.469903 3680 0.999997
0.469903 3679 0.999997
0.469903 3678 0.999997
0.469903 3677 0.999997
0.469903 3676 0.999997
0.469903 3675 0.999997
0.469903 3674 0.999997
0.469903 3673 0.999997
0.469903 3672 0.999997
0.469903 3671 0.999997
0.469903 3670 0.999997
0.469903 3669 0.999997
0.469903 3668 0.999997
0.469903 3667 0.999997
0.469903 3666 0.999997
0.469903 3665 0.999997
0.469903 3664 0.999997
0.469903 3663 0.999997
0.469903 3662 0.999997
0.469903 3661 0.999997
0.469903 3660 0.999997
0.469903 3659 0.999997
0.469903 3658 0.999997
0.469903 3657 0.999997
0.469903 3656 0.999997
0.469903 3655 0.999997
0.469903 3654 0.999997
0.469903 3653 0.999997
0.469903 3652 0.999997
0.469903 3651 0.999997
0.469903 3650 0.999997
0.469903 3649 0.999997
0.469903 3648 0.999997
0.469903 3647 0.999997
0.469903 3646 0.999997
0.469903 3645 0.999997
0.469903 3644 0.999997
0.469903 3643 0.999997
0.469903 3642 0.999997
0.469903 3641 0.999997
0.469903 3640 0.999997
0.469903 3639 0.999997
0.469903 3638 0.999997
0.469903 3637 0.999997
0.469903 3636 0.999997
0.469903 3635 0.999997
0.469903 3634 0.999997
0.469903 3633 0.999997
0.467961 3633 0.999997
0.467961 3632 0.999997
0.467961 3631 0.999997
0.467961 3630 0.999997
0.467961 3629 0.999997
0.466019 3629 0.999997
0.466019 3628 0.999997
0.466019 3627 0.999997
0.466019 3626 0.999998
0.466019 3625 0.999998
0.466019 3624 0.999998
0.466019 3623 0.999998
0.466019 3622 0.999998
0.466019 3621 0.999998
0.466019 3620 0.999998
0.466019 3619 0.999998
0.466019 3618 0.999998
0.466019 3617 0.999998
0.466019 3616 0.999998
0.466019 3615 0.999998
0.466019 3614 0.999998
0.466019 3613 0.999998
0.466019 3612 0.999998
0.466019 3611 0.999998
0.464078 3611 0.999998
0.464078 3610 0.999998
0.464078 3609 0.999998
0.464078 3608 0.999998
0.464078 3607 0.999998
0.464078 3606 0.999998
0.464078 3605 0.999998
0.464078 3604 0.999998
0.464078 3603 0.999998
0.464078 3602 0.999998
0.464078 3601 0.999998
0.464078 3600 0.999998
0.464078 3599 0.999998
0.464078 3598 0.999998
0.464078 3597 0.999998
0.464078 3596 0.999998
0.464078 3595 0.999998
0.464078 3594 0.999998
0.464078 3593 0.999998
0.464078 3592 0.999998
0.464078 3591 0.999998
0.464078 3590 0.999998
0.464078 3589 0.999998
0.464078 3588 0.999998
0.464078 3587 0.999998
0.464078 3586 0.999998
0.464078 3585 0.999998
0.464078 3584 0.999998
0.464078 3583 0.999998
0.464078 3582 0.999998
0.464078 3581 0.999998
0.464078 3580 0.999998
0.464078 3579 0.999998
0.464078 3578 0.999998
0.464078 3577 0.999998
0.464078 3576 0.999998
0.464078 3575 0.999998
0.464078 3574 0.999998
0.464078 3573 0.999998
0.464078 3572 0.999998
0.464078 3571 0.999998
0.464078 3570 0.999998
0.464078 3569 0.999998
0.464078 3568 0.999998
0.464078 3567 0.999998
0.464078 3566 0.999998
0.464078 3565 0.999998
0.464078 3564 0.999998
0.464078 3563 0.999998
0.464078 3562 0.999998
0.464078 3561 0.999998
0.464078 3560 0.999998
0.464078 3559 0.999998
0.464078 3558 0.999998
0.464078 3557 0.999998
0.464078 3556 0.999998
0.464078 3555 0.999998
0.464078 3554 0.999998
0.464078 3553 0.999998
0.464078 3552 0.999998
0.464078 3551 0.999998
0.464078 3550 0.999998
0.464078 3549 0.999998
0.464078 3548 0.999998
0.464078 3547 0.999998
0.464078 3546 0.999998
0.464078 3545 0.999998
0.464078 3544 0.999998
0.464078 3543 0.999998
0.464078 3542 0.999998
0.464078 3541 0.999998
0.464078 3540 0.999998
0.464078 3539 0.999998
0.464078 3538 0.999998
0.464078 3537 0.999998
0.464078 3536 0.999998
0.464078 3535 0.999998
0.464078 3534 0.999998
0.464078 3533 0.999998
0.464078 3532 0.999998
0.464078 3531 0.999998
0.464078 3530 0.999998
0.464078 3529 0.999998
0.464078 3528 0.999998
0.464078 3527 0.999998
0.464078 3526 0.999998
0.464078 3525 0.999998
0.464078 3524 0.999998
0.464078 3523 0.999998
0.464078 3522 0.999998
0.464078 3521 0.999998
0.462136 3521 0.999998
0.462136 3520 0.999998
0.462136 3519 0.999998
0.462136 3518 0.999998
0.462136 3517 0.999998
0.462136 3516 0.999998
0.462136 3515 0.999998
0.462136 3514 0.999998
0.462136 3513 0.999998
0.462136 3512 0.999998
0.462136 3511 0.999998
0.462136 3510 0.999998
0.462136 3509 0.999998
0.462136 3508 0.999998
0.462136 3507 0.999998
0.462136 3506 0.999998
0.462136 3505 0.999998
0.462136 3504 0.999998
0.462136 3503 0.999998
0.462136 3502 0.999998
0.462136 3501 0.999998
0.462136 3500 0.999998
0.462136 3499 0.999998
0.462136 3498 0.999998
0.462136 3497 0.999998
0.462136 3496 0.999998
0.462136 3495 0.999998
0.462136 3494 0.999998
0.462136 3493 0.999998
0.462136 3492 0.999998
0.462136 3491 0.999998
0.460194 3491 0.999998
0.460194 3490 0.999998
0.460194 3489 0.999998
0.460194 3488 0.999998
0.460194 3487 0.999998
0.460194 3486 0.999998
0.460194 3485 0.999998
0.460194 3484 0.999998
0.460194 3483 0.999998
0.460194 3482 0.999998
0.460194 3481 0.999998
0.460194 3480 0.999998
0.460194 3479 0.999998
0.460194 3478 0.999998
0.460194 3477 0.999998
0.460194 3476 0.999998
0.460194 3475 0.999998
0.460194 3474 0.999998
0.460194 3473 0.999998
0.460194 3472 0.999998
0.460194 3471 0.999998
0.460194 3470 0.999998
0.460194 3469 0.999998
0.460194 3468 0.999998
0.460194 3467 0.999998
0.460194 3466 0.999998
0.460194 3465 0.999998
0.460194 3464 0.999998
0.460194 3463 0.999998
0.460194 3462 0.999998
0.460194 3461 0.999998
0.460194 3460 0.999998
0.460194 3459 0.999998
0.460194 3458 0.999998
0.460194 3457 0.999998
0.460194 3456 0.999998
0.460194 3455 0.999998
0.460194 3454 0.999998
0.460194 3453 0.999998
0.460194 3452 0.999998
0.460194 3451 0.999998
0.460194 3450 0.999998
0.460194 3449 0.999998
0.460194 3448 0.999998
0.460194 3447 0.999998
0.460194 3446 0.999998
0.458252 3446 0.999998
0.458252 3445 0.999998
0.458252 3444 0.999998
0.458252 3443 0.999998
0.458252 3442 0.999998
0.458252 3441 0.999998
0.458252 3440 0.999998
0.458252 3439 0.999998
0.458252 3438 0.999998
0.458252 3437 0.999998
0.458252 3436 0.999998
0.458252 3435 0.999998
0.458252 3434 0.999998
0.458252 3433 0.999998
0.458252 3432 0.999998
0.458252 3431 0.999998
0.458252 3430 0.999998
0.458252 3429 0.999998
0.458252 3428 0.999998
0.458252 3427 0.999998
0.458252 3426 0.999998
0.458252 3425 0.999998
0.458252 3424 0.999998
0.458252 3423 0.999998
0.458252 3422 0.999998
0.458252 3421 0.999998
0.458252 3420 0.999998
0.458252 3419 0.999998
0.458252 3418 0.999998
0.458252 3417 0.999998
0.458252 3416 0.999998
0.458252 3415 0.999998
0.458252 3414 0.999998
0.458252 3413 0.999998
0.458252 3412 0.999998
0.458252 3411 0.999998
0.458252 3410 0.999998
0.458252 3409 0.999998
0.458252 3408 0.999998
0.458252 3407 0.999998
0.458252 3406 0.999998
0.458252 3405 0.999998
0.458252 3404 0.999998
0.458252 3403 0.999998
0.458252 3402 0.999998
0.458252 3401 0.999998
0.458252 3400 0.999998
0.458252 3399 0.999998
0.458252 3398 0.999998
0.458252 3397 0.999998
0.458252 3396 0.999998
0.456311 3396 0.999998
0.456311 3395 0.999998
0.454369 3395 0.999998
0.454369 3394 0.999998
0.452427 3394 0.999998
0.452427 3393 0.999998
0.452427 3392 0.999998
0.452427 3391 0.999998
0.452427 3390 0.999998
0.452427 3389 0.999998
0.452427 3388 0.999998
0.452427 3387 0.999998
0.452427 3386 0.999998
0.452427 3385 0.999998
0.452427 3384 0.999998
0.452427 3383 0.999998
0.452427 3382 0.999998
0.452427 3381 0.999998
0.452427 3380 0.999998
0.452427 3379 0.999998
0.452427 3378 0.999998
0.452427 3377 0.999998
0.452427 3376 0.999998
0.452427 3375 0.999998
0.452427 3374 0.999998
0.452427 3373 0.999998
0.452427 3372 0.999998
0.452427 3371 0.999998
0.452427 3370 0.999998
0.452427 3369 0.999998
0.452427 3368 0.999998
0.452427 3367 0.999998
0.452427 3366 0.999998
0.452427 3365 0.999998
0.452427 3364 0.999998
0.452427 3363 0.999998
0.452427 3362 0.999998
0.450485 3362 0.999998
0.450485 3361 0.999998
0.450485 3360 0.999998
0.450485 3359 0.999998
0.448544 3359 0.999998
0.448544 3358 0.999998
0.448544 3357 0.999998
0.448544 3356 0.999998
0.448544 3355 0.999998
0.448544 3354 0.999998
0.448544 3353 0.999998
0.448544 3352 0.999998
0.448544 3351 0.999998
0.448544 3350 0.999998
0.448544 3349 0.999998
0.448544 3348 0.999998
0.448544 3347 0.999998
0.448544 3346 0.999998
0.448544 3345 0.999998
0.448544 3344 0.999998
0.448544 3343 0.999998
0.448544 3342 0.999998
0.446602 3342 0.999998
0.446602 3341 0.999998
0.446602 3340 0.999998
0.446602 3339 0.999998
0.446602 3338 0.999998
0.446602 3337 0.999998
0.446602 3336 0.999998
0.446602 3335 0.999998
0.446602 3334 0.999998
0.446602 3333 0.999998
0.446602 3332 0.999998
0.446602 3331 0.999998
0.446602 3330 0.999998
0.446602 3329 0.999998
0.446602 3328 0.999998
0.446602 3327 0.999998
0.446602 3326 0.999999
0.446602 3325 0.999999
0.446602 3324 0.999999
0.446602 3323 0.999999
0.446602 3322 0.999999
0.446602 3321 0.999999
0.446602 3320 0.999999
0.446602 3319 0.999999
0.446602 3318 0.999999
0.44466 3318 0.999999
0.44466 3317 0.999999
0.44466 3316 0.999999
0.44466 3315 0.999999
0.44466 3314 0.999999
0.44466 3313 0.999999
0.44466 3312 0.999999
0.44466 3311 0.999999
0.44466 3310 0.999999
0.44466 3309 0.999999
0.44466 3308 0.999999
0.44466 3307 0.999999
0.44466 3306 0.999999
0.44466 3305 0.999999
0.44466 3304 0.999999
0.44466 3303 0.999999
0.44466 3302 0.999999
0.44466 3301 0.999999
0.44466 3300 0.999999
0.44466 3299 0.999999
0.442718 3299 0.999999
0.442718 3298 0.999999
0.442718 3297 0.999999
0.442718 3296 0.999999
0.442718 3295 0.999999
0.442718 3294 0.999999
0.442718 3293 0.999999
0.442718 3292 0.999999
0.442718 3291 0.999999
0.442718 3290 0.999999
0.442718 3289 0.999999
0.442718 3288 0.999999
0.442718 3287 0.999999
0.442718 3286 0.999999
0.440777 3286 0.999999
0.440777 3285 0.999999
0.440777 3284 0.999999
0.440777 3283 0.999999
0.440777 3282 0.999999
0.440777 3281 0.999999
0.440777 3280 0.999999
0.440777 3279 0.999999
0.440777 3278 0.999999
0.440777 3277 0.999999
0.440777 3276 0.999999
0.440777 3275 0.999999
0.440777 3274 0.999999
0.440777 3273 0.999999
0.440777 3272 0.999999
0.440777 3271 0.999999
0.440777 3270 0.999999
0.440777 3269 0.999999
0.440777 3268 0.999999
0.440777 3267 0.999999
0.440777 3266 0.999999
0.440777 3265 0.999999
0.440777 3264 0.999999
0.440777 3263 0.999999
0.440777 3262 0.999999
0.440777 3261 0.999999
0.440777 3260 0.999999
0.440777 3259 0.999999
0.440777 3258 0.999999
0.440777 3257 0.999999
0.440777 3256 0.999999
0.440777 3255 0.999999
0.440777 3254 0.999999
0.440777 3253 0.999999
0.440777 3252 0.999999
0.440777 3251 0.999999
0.440777 3250 0.999999
0.440777 3249 0.999999
0.440777 3248 0.999999
0.440777 3247 0.999999
0.440777 3246 0.999999
0.440777 3245 0.999999
0.440777 3244 0.999999
0.440777 3243 0.999999
0.440777 3242 0.999999
0.440777 3241 0.999999
0.440777 3240 0.999999
0.440777 3239 0.999999
0.440777 3238 0.999999
0.440777 3237 0.999999
0.440777 3236 0.999999
0.440777 3235 0.999999
0.440777 3234 0.999999
0.440777 3233 0.999999
0.440777 3232 0.999999
0.440777 3231 0.999999
0.440777 3230 0.999999
0.440777 3229 0.999999
0.440777 3228 0.999999
0.440777 3227 0.999999
0.440777 3226 0.999999
0.440777 3225 0.999999
0.440777 3224 0.999999
0.440777 3223 0.999999
0.440777 3222 0.999999
0.440777 3221 0.999999
0.440777 3220 0.999999
0.440777 3219 0.999999
0.440777 3218 0.999999
0.440777 3217 0.999999
0.440777 3216 0.999999
0.440777 3215 0.999999
0.440777 3214 0.999999
0.440777 3213 0.999999
0.440777 3212 0.999999
0.440777 3211 0.999999
0.440777 3210 0.999999
0.440777 3209 0.999999
0.440777 3208 0.999999
0.440777 3207 0.999999
0.440777 3206 0.999999
0.440777 3205 0.999999
0.440777 3204 0.999999
0.440777 3203 0.999999
0.440777 3202 0.999999
0.440777 3201 0.999999
0.440777 3200 0.999999
0.440777 3199 0.999999
0.440777 3198 0.999999
0.440777 3197 0.999999
0.440777 3196 0.999999
0.440777 3195 0.999999
0.440777 3194 0.999999
0.440777 3193 0.999999
0.440777 3192 0.999999
0.440777 3191 0.999999
0.440777 3190 0.999999
0.440777 3189 0.999999
0.440777 3188 0.999999
0.440777 3187 0.999999
0.440777 3186 0.999999
0.440777 3185 0.999999
0.440777 3184 0.999999
0.440777 3183 0.999999
0.440777 3182 0.999999
0.440777 3181 0.999999
0.440777 3180 0.999999
0.440777 3179 0.999999
0.440777 3178 0.999999
0.440777 3177 0.999999
0.440777 3176 0.999999
0.440777 3175 0.999999
0.440777 3174 0.999999
0.440777 3173 0.999999
0.440777 3172 0.999999
0.440777 3171 0.999999
0.440777 3170 0.999999
0.440777 3169 0.999999
0.440777 3168 0.999999
0.440777 3167 0.999999
0.440777 3166 0.999999
0.440777 3165 0.999999
0.440777 3164 0.999999
0.440777 3163 0.999999
0.440777 3162 0.999999
0.440777 3161 0.999999
0.440777 3160 0.999999
0.440777 3159 0.999999
0.440777 3158 0.999999
0.440777 3157 0.999999
0.440777 3156 0.999999
0.440777 3155 0.999999
0.440777 3154 0.999999
0.440777 3153 0.999999
0.440777 3152 0.999999
0.440777 3151 0.999999
0.440777 3150 0.999999
0.440777 3149 0.999999
0.440777 3148 0.999999
0.440777 3147 0.999999
0.440777 3146 0.999999
0.440777 3145 0.999999
0.440777 3144 0.999999
0.440777 3143 0.999999
0.440777 3142 0.999999
0.440777 3141 0.999999
0.440777 3140 0.999999
0.440777 3139 0.999999
0.440777 3138 0.999999
0.440777 3137 0.999999
0.440777 3136 0.999999
0.440777 3135 0.999999
0.440777 3134 0.999999
0.440777 3133 0.999999
0.440777 3132 0.999999
0.440777 3131 0.999999
0.440777 3130 0.999999
0.440777 3129 0.999999
0.440777 3128 0.999999
0.440777 3127 0.999999
0.440777 3126 0.999999
0.440777 3125 0.999999
0.440777 3124 0.999999
0.440777 3123 0.999999
0.440777 3122 0.999999
0.440777 3121 0.999999
0.440777 3120 0.999999
0.440777 3119 0.999999
0.440777 3118 0.999999
0.440777 3117 0.999999
0.440777 3116 0.999999
0.440777 3115 0.999999
0.440777 3114 0.999999
0.440777 3113 0.999999
0.440777 3112 0.999999
0.440777 3111 0.999999
0.440777 3110 0.999999
0.440777 3109 0.999999
0.440777 3108 0.999999
0.440777 3107 0.999999
0.440777 3106 0.999999
0.440777 3105 0.999999
0.440777 3104 0.999999
0.440777 3103 0.999999
0.440777 3102 0.999999
0.440777 3101 0.999999
0.440777 3100 0.999999
0.440777 3099 0.999999
0.440777 3098 0.999999
0.440777 3097 0.999999
0.440777 3096 0.999999
0.440777 3095 0.999999
0.440777 3094 0.999999
0.440777 3093 0.999999
0.440777 3092 0.999999
0.440777 3091 0.999999
0.440777 3090 0.999999
0.440777 3089 0.999999
0.438835 3089 0.999999
0.438835 3088 0.999999
0.438835 3087 0.999999
0.438835 3086 0.999999
0.438835 3085 0.999999
0.438835 3084 0.999999
0.438835 3083 0.999999
0.438835 3082 0.999999
0.438835 3081 0.999999
0.438835 3080 0.999999
0.438835 3079 0.999999
0.438835 3078 0.999999
0.438835 3077 0.999999
0.438835 3076 0.999999
0.438835 3075 0.999999
0.438835 3074 0.999999
0.438835 3073 0.999999
0.438835 3072 0.999999
0.438835 3071 0.999999
0.438835 3070 0.999999
0.438835 3069 0.999999
0.438835 3068 0.999999
0.438835 3067 0.999999
0.438835 3066 0.999999
0.438835 3065 0.999999
0.438835 3064 0.999999
0.438835 3063 0.999999
0.438835 3062 0.999999
0.438835 3061 0.999999
0.438835 3060 0.999999
0.438835 3059 0.999999
0.438835 3058 0.999999
0.438835 3057 0.999999
0.438835 3056 0.999999
0.438835 3055 0.999999
0.438835 3054 0.999999
0.438835 3053 0.999999
0.438835 3052 0.999999
0.438835 3051 0.999999
0.438835 3050 0.999999
0.436893 3050 0.999999
0.436893 3049 0.999999
0.436893 3048 0.999999
0.436893 3047 0.999999
0.436893 3046 0.999999
0.436893 3045 0.999999
0.436893 3044 0.999999
0.436893 3043 0.999999
0.436893 3042 0.999999
0.436893 3041 0.999999
0.436893 3040 0.999999
0.434951 3040 0.999999
0.434951 3039 0.999999
0.434951 3038 0.999999
0.434951 3037 0.999999
0.434951 3036 0.999999
0.434951 3035 0.999999
0.434951 3034 0.999999
0.434951 3033 0.999999
0.434951 3032 0.999999
0.434951 3031 0.999999
0.434951 3030 0.999999
0.434951 3029 0.999999
0.434951 3028 0.999999
0.434951 3027 0.999999
0.434951 3026 0.999999
0.434951 3025 0.999999
0.434951 3024 0.999999
0.434951 3023 0.999999
0.434951 3022 0.999999
0.434951 3021 0.999999
0.434951 3020 0.999999
0.434951 3019 0.999999
0.434951 3018 0.999999
0.434951 3017 0.999999
0.434951 3016 0.999999
0.434951 3015 0.999999
0.434951 3014 0.999999
0.434951 3013 0.999999
0.434951 3012 0.999999
0.434951 3011 0.999999
0.434951 3010 0.999999
0.434951 3009 0.999999
0.434951 3008 0.999999
0.434951 3007 0.999999
0.434951 3006 0.999999
0.434951 3005 0.999999
0.434951 3004 0.999999
0.434951 3003 0.999999
0.434951 3002 0.999999
0.434951 3001 0.999999
0.434951 3000 0.999999
0.434951 2999 0.999999
0.434951 2998 0.999999
0.434951 2997 0.999999
0.434951 2996 0.999999
0.434951 2995 0.999999
0.434951 2994 0.999999
0.434951 2993 0.999999
0.434951 2992 0.999999
0.434951 2991 0.999999
0.434951 2990 0.999999
0.434951 2989 0.999999
0.434951 2988 0.999999
0.434951 2987 0.999999
0.434951 2986 0.999999
0.434951 2985 0.999999
0.434951 2984 0.999999
0.434951 2983 0.999999
0.434951 2982 0.999999
0.434951 2981 0.999999
0.434951 2980 0.999999
0.434951 2979 0.999999
0.434951 2978 0.999999
0.434951 2977 0.999999
0.434951 2976 0.999999
0.434951 2975 0.999999
0.434951 2974 0.999999
0.434951 2973 0.999999
0.434951 2972 0.999999
0.434951 2971 0.999999
0.434951 2970 0.999999
0.434951 2969 0.999999
0.434951 2968 0.999999
0.434951 2967 0.999999
0.434951 2966 0.999999
0.434951 2965 0.999999
0.434951 2964 0.999999
0.434951 2963 0.999999
0.434951 2962 0.999999
0.434951 2961 0.999999
0.434951 2960 0.999999
0.434951 2959 0.999999
0.434951 2958 0.999999
0.434951 2957 0.999999
0.434951 2956 0.999999
0.434951 2955 0.999999
0.434951 2954 0.999999
0.434951 2953 0.999999
0.434951 2952 0.999999
0.434951 2951 0.999999
0.434951 2950 0.999999
0.434951 2949 0.999999
0.434951 2948 0.999999
0.434951 2947 0.999999
0.434951 2946 0.999999
0.434951 2945 0.999999
0.434951 2944 0.999999
0.434951 2943 0.999999
0.434951 2942 0.999999
0.434951 2941 0.999999
0.434951 2940 0.999999
0.434951 2939 0.999999
0.434951 2938 0.999999
0.434951 2937 0.999999
0.434951 2936 0.999999
0.434951 2935 0.999999
0.434951 2934 0.999999
0.434951 2933 0.999999
0.434951 2932 0.999999
0.434951 2931 0.999999
0.434951 2930 0.999999
0.434951 2929 0.999999
0.434951 2928 0.999999
0.434951 2927 0.999999
0.434951 2926 0.999999
0.434951 2925 0.999999
0.434951 2924 0.999999
0.434951 2923 0.999999
0.434951 2922 0.999999
0.434951 2921 0.999999
0.434951 2920 0.999999
0.434951 2919 0.999999
0.434951 2918 0.999999
0.434951 2917 0.999999
0.434951 2916 0.999999
0.434951 2915 0.999999
0.434951 2914 0.999999
0.434951 2913 0.999999
0.434951 2912 0.999999
0.434951 2911 0.999999
0.434951 2910 0.999999
0.434951 2909 0.999999
0.434951 2908 0.999999
0.434951 2907 0.999999
0.434951 2906 0.999999
0.434951 2905 0.999999
0.434951 2904 0.999999
0.434951 2903 0.999999
0.434951 2902 0.999999
0.434951 2901 0.999999
0.434951 2900 0.999999
0.434951 2899 0.999999
0.434951 2898 0.999999
0.434951 2897 0.999999
0.434951 2896 0.999999
0.434951 2895 0.999999
0.434951 2894 0.999999
0.434951 2893 0.999999
0.434951 2892 0.999999
0.434951 2891 0.999999
0.434951 2890 0.999999
0.434951 2889 0.999999
0.434951 2888 0.999999
0.434951 2887 0.999999
0.434951 2886 0.999999
0.434951 2885 0.999999
0.434951 2884 0.999999
0.434951 2883 0.999999
0.434951 2882 0.999999
0.434951 2881 0.999999
0.434951 2880 0.999999
0.434951 2879 0.999999
0.434951 2878 0.999999
0.434951 2877 0.999999
0.434951 2876 0.999999
0.434951 2875 0.999999
0.434951 2874 0.999999
0.434951 2873 0.999999
0.434951 2872 0.999999
0.434951 2871 0.999999
0.434951 2870 0.999999
0.434951 2869 0.999999
0.434951 2868 0.999999
0.434951 2867 0.999999
0.434951 2866 0.999999
0.434951 2865 0.999999
0.434951 2864 0.999999
0.434951 2863 0.999999
0.434951 2862 0.999999
0.434951 2861 0.999999
0.434951 2860 0.999999
0.434951 2859 0.999999
0.434951 2858 0.999999
0.434951 2857 0.999999
0.434951 2856 0.999999
0.434951 2855 0.999999
0.434951 2854 0.999999
0.434951 2853 0.999999
0.434951 2852 0.999999
0.434951 2851 0.999999
0.434951 2850 0.999999
0.434951 2849 0.999999
0.434951 2848 0.999999
0.434951 2847 0.999999
0.434951 2846 0.999999
0.434951 2845 0.999999
0.434951 2844 0.999999
0.434951 2843 0.999999
0.434951 2842 0.999999
0.434951 2841 0.999999
0.434951 2840 0.999999
0.434951 2839 0.999999
0.434951 2838 0.999999
0.434951 2837 0.999999
0.434951 2836 0.999999
0.434951 2835 0.999999
0.43301 2835 0.999999
0.43301 2834 0.999999
0.43301 2833 0.999999
0.43301 2832 0.999999
0.43301 2831 0.999999
0.43301 2830 0.999999
0.43301 2829 0.999999
0.43301 2828 0.999999
0.43301 2827 0.999999
0.43301 2826 0.999999
0.43301 2825 0.999999
0.43301 2824 0.999999
0.43301 2823 0.999999
0.43301 2822 0.999999
0.43301 2821 0.999999
0.43301 2820 0.999999
0.43301 2819 0.999999
0.43301 2818 0.999999
0.431068 2818 0.999999
0.431068 2817 0.999999
0.431068 2816 0.999999
0.431068 2815 0.999999
0.431068 2814 0.999999
0.431068 2813 0.999999
0.431068 2812 0.999999
0.431068 2811 0.999999
0.431068 2810 0.999999
0.431068 2809 0.999999
0.431068 2808 0.999999
0.431068 2807 0.999999
0.431068 2806 0.999999
0.431068 2805 0.999999
0.431068 2804 0.999999
0.431068 2803 0.999999
0.431068 2802 0.999999
0.431068 2801 0.999999
0.431068 2800 0.999999
0.431068 2799 0.999999
0.431068 2798 0.999999
0.431068 2797 0.999999
0.431068 2796 0.999999
0.431068 2795 0.999999
0.431068 2794 0.999999
0.431068 2793 0.999999
0.431068 2792 0.999999
0.431068 2791 0.999999
0.431068 2790 0.999999
0.431068 2789 0.999999
0.431068 2788 0.999999
0.431068 2787 0.999999
0.431068 2786 0.999999
0.431068 2785 0.999999
0.431068 2784 0.999999
0.431068 2783 0.999999
0.431068 2782 0.999999
0.431068 2781 0.999999
0.431068 2780 0.999999
0.431068 2779 0.999999
0.431068 2778 0.999999
0.431068 2777 0.999999
0.431068 2776 0.999999
0.431068 2775 0.999999
0.431068 2774 0.999999
0.431068 2773 0.999999
0.431068 2772 0.999999
0.431068 2771 0.999999
0.431068 2770 0.999999
0.431068 2769 0.999999
0.431068 2768 0.999999
0.431068 2767 0.999999
0.431068 2766 0.999999
0.431068 2765 0.999999
0.431068 2764 0.999999
0.431068 2763 0.999999
0.431068 2762 0.999999
0.431068 2761 0.999999
0.431068 2760 0.999999
0.431068 2759 0.999999
0.431068 2758 0.999999
0.431068 2757 0.999999
0.431068 2756 0.999999
0.431068 2755 0.999999
0.431068 2754 0.999999
0.431068 2753 0.999999
0.431068 2752 0.999999
0.431068 2751 0.999999
0.431068 2750 0.999999
0.431068 2749 0.999999
0.431068 2748 0.999999
0.431068 2747 0.999999
0.431068 2746 0.999999
0.431068 2745 0.999999
0.431068 2744 1
0.431068 2743 1
0.431068 2742 1
0.431068 2741 1
0.431068 2740 1
0.431068 2739 1
0.431068 2738 1
0.431068 2737 1
0.431068 2736 1
0.431068 2735 1
0.431068 2734 1
0.431068 2733 1
0.431068 2732 1
0.431068 2731 1
0.431068 2730 1
0.431068 2729 1
0.431068 2728 1
0.431068 2727 1
0.431068 2726 1
0.431068 2725 1
0.431068 2724 1
0.431068 2723 1
0.431068 2722 1
0.431068 2721 1
0.431068 2720 1
0.431068 2719 1
0.431068 2718 1
0.431068 2717 1
0.431068 2716 1
0.431068 2715 1
0.431068 2714 1
0.431068 2713 1
0.431068 2712 1
0.431068 2711 1
0.431068 2710 1
0.431068 2709 1
0.431068 2708 1
0.431068 2707 1
0.431068 2706 1
0.431068 2705 1
0.431068 2704 1
0.431068 2703 1
0.431068 2702 1
0.431068 2701 1
0.431068 2700 1
0.431068 2699 1
0.431068 2698 1
0.431068 2697 1
0.431068 2696 1
0.431068 2695 1
0.431068 2694 1
0.431068 2693 1
0.431068 2692 1
0.431068 2691 1
0.431068 2690 1
0.431068 2689 1
0.429126 2689 1
0.429126 2688 1
0.429126 2687 1
0.429126 2686 1
0.429126 2685 1
0.429126 2684 1
0.429126 2683 1
0.429126 2682 1
0.429126 2681 1
0.429126 2680 1
0.429126 2679 1
0.429126 2678 1
0.429126 2677 1
0.427184 2677 1
0.427184 2676 1
0.427184 2675 1
0.427184 2674 1
0.427184 2673 1
0.427184 2672 1
0.427184 2671 1
0.427184 2670 1
0.427184 2669 1
0.427184 2668 1
0.427184 2667 1
0.427184 2666 1
0.427184 2665 1
0.427184 2664 1
0.427184 2663 1
0.427184 2662 1
0.425243 2662 1
0.425243 2661 1
0.425243 2660 1
0.425243 2659 1
0.425243 2658 1
0.425243 2657 1
0.425243 2656 1
0.425243 2655 1
0.425243 2654 1
0.425243 2653 1
0.425243 2652 1
0.425243 2651 1
0.425243 2650 1
0.425243 2649 1
0.425243 2648 1
0.425243 2647 1
0.425243 2646 1
0.425243 2645 1
0.425243 2644 1
0.425243 2643 1
0.425243 2642 1
0.425243 2641 1
0.425243 2640 1
0.425243 2639 1
0.425243 2638 1
0.425243 2637 1
0.425243 2636 1
0.425243 2635 1
0.425243 2634 1
0.425243 2633 1
0.425243 2632 1
0.425243 2631 1
0.425243 2630 1
0.425243 2629 1
0.425243 2628 1
0.425243 2627 1
0.425243 2626 1
0.425243 2625 1
0.425243 2624 1
0.425243 2623 1
0.425243 2622 1
0.425243 2621 1
0.425243 2620 1
0.425243 2619 1
0.425243 2618 1
0.425243 2617 1
0.425243 2616 1
0.425243 2615 1
0.425243 2614 1
0.425243 2613 1
0.425243 2612 1
0.425243 2611 1
0.425243 2610 1
0.423301 2610 1
0.421359 2610 1
0.421359 2609 1
0.421359 2608 1
0.421359 2607 1
0.421359 2606 1
0.421359 2605 1
0.421359 2604 1
0.421359 2603 1
0.421359 2602 1
0.421359 2601 1
0.421359 2600 1
0.421359 2599 1
0.421359 2598 1
0.421359 2597 1
0.421359 2596 1
0.421359 2595 1
0.421359 2594 1
0.421359 2593 1
0.421359 2592 1
0.421359 2591 1
0.421359 2590 1
0.421359 2589 1
0.421359 2588 1
0.419417 2588 1
0.419417 2587 1
0.419417 2586 1
0.419417 2585 1
0.419417 2584 1
0.419417 2583 1
0.419417 2582 1
0.419417 2581 1
0.419417 2580 1
0.419417 2579 1
0.419417 2578 1
0.419417 2577 1
0.419417 2576 1
0.419417 2575 1
0.419417 2574 1
0.419417 2573 1
0.419417 2572 1
0.419417 2571 1
0.419417 2570 1
0.419417 2569 1
0.419417 2568 1
0.419417 2567 1
0.419417 2566 1
0.419417 2565 1
0.419417 2564 1
0.419417 2563 1
0.419417 2562 1
0.419417 2561 1
0.419417 2560 1
0.419417 2559 1
0.419417 2558 1
0.419417 2557 1
0.419417 2556 1
0.419417 2555 1
0.419417 2554 1
0.419417 2553 1
0.419417 2552 1
0.419417 2551 1
0.419417 2550 1
0.419417 2549 1
0.419417 2548 1
0.419417 2547 1
0.419417 2546 1
0.417476 2546 1
0.417476 2545 1
0.417476 2544 1
0.417476 2543 1
0.417476 2542 1
0.417476 2541 1
0.417476 2540 1
0.417476 2539 1
0.417476 2538 1
0.417476 2537 1
0.417476 2536 1
0.417476 2535 1
0.417476 2534 1
0.417476 2533 1
0.417476 2532 1
0.417476 2531 1
0.417476 2530 1
0.417476 2529 1
0.417476 2528 1
0.417476 2527 1
0.417476 2526 1
0.417476 2525 1
0.417476 2524 1
0.417476 2523 1
0.417476 2522 1
0.417476 2521 1
0.417476 2520 1
0.417476 2519 1
0.417476 2518 1
0.417476 2517 1
0.417476 2516 1
0.417476 2515 1
0.417476 2514 1
0.417476 2513 1
0.417476 2512 1
0.417476 2511 1
0.417476 2510 1
0.417476 2509 1
0.417476 2508 1
0.417476 2507 1
0.417476 2506 1
0.417476 2505 1
0.417476 2504 1
0.417476 2503 1
0.417476 2502 1
0.417476 2501 1
0.417476 2500 1
0.417476 2499 1
0.417476 2498 1
0.417476 2497 1
0.417476 2496 1
0.417476 2495 1
0.417476 2494 1
0.417476 2493 1
0.417476 2492 1
0.417476 2491 1
0.417476 2490 1
0.417476 2489 1
0.417476 2488 1
0.417476 2487 1
0.417476 2486 1
0.417476 2485 1
0.417476 2484 1
0.417476 2483 1
0.417476 2482 1
0.417476 2481 1
0.417476 2480 1
0.417476 2479 1
0.417476 2478 1
0.417476 2477 1
0.417476 2476 1
0.417476 2475 1
0.417476 2474 1
0.417476 2473 1
0.417476 2472 1
0.417476 2471 1
0.417476 2470 1
0.417476 2469 1
0.417476 2468 1
0.417476 2467 1
0.417476 2466 1
0.417476 2465 1
0.417476 2464 1
0.417476 2463 1
0.417476 2462 1
0.417476 2461 1
0.417476 2460 1
0.417476 2459 1
0.417476 2458 1
0.417476 2457 1
0.417476 2456 1
0.417476 2455 1
0.417476 2454 1
0.417476 2453 1
0.417476 2452 1
0.417476 2451 1
0.417476 2450 1
0.417476 2449 1
0.417476 2448 1
0.417476 2447 1
0.417476 2446 1
0.417476 2445 1
0.417476 2444 1
0.417476 2443 1
0.417476 2442 1
0.417476 2441 1
0.417476 2440 1
0.417476 2439 1
0.417476 2438 1
0.417476 2437 1
0.417476 2436 1
0.417476 2435 1
0.417476 2434 1
0.417476 2433 1
0.417476 2432 1
0.417476 2431 1
0.417476 2430 1
0.417476 2429 1
0.417476 2428 1
0.417476 2427 1
0.417476 2426 1
0.417476 2425 1
0.417476 2424 1
0.417476 2423 1
0.417476 2422 1
0.417476 2421 1
0.417476 2420 1
0.417476 2419 1
0.417476 2418 1
0.417476 2417 1
0.417476 2416 1
0.417476 2415 1
0.417476 2414 1
0.417476 2413 1
0.417476 2412 1
0.415534 2412 1
0.415534 2411 1
0.415534 2410 1
0.415534 2409 1
0.415534 2408 1
0.415534 2407 1
0.415534 2406 1
0.415534 2405 1
0.415534 2404 1
0.413592 2404 1
0.413592 2403 1
0.413592 2402 1
0.413592 2401 1
0.413592 2400 1
0.413592 2399 1
0.413592 2398 1
0.413592 2397 1
0.41165 2397 1
0.41165 2396 1
0.41165 2395 1
0.41165 2394 1
0.41165 2393 1
0.41165 2392 1
0.41165 2391 1
0.41165 2390 1
0.41165 2389 1
0.41165 2388 1
0.41165 2387 1
0.41165 2386 1
0.41165 2385 1
0.41165 2384 1
0.41165 2383 1
0.41165 2382 1
0.41165 2381 1
0.41165 2380 1
0.41165 2379 1
0.41165 2378 1
0.41165 2377 1
0.409709 2377 1
0.409709 2376 1
0.409709 2375 1
0.409709 2374 1
0.409709 2373 1
0.409709 2372 1
0.409709 2371 1
0.409709 2370 1
0.409709 2369 1
0.409709 2368 1
0.409709 2367 1
0.409709 2366 1
0.409709 2365 1
0.409709 2364 1
0.409709 2363 1
0.409709 2362 1
0.409709 2361 1
0.409709 2360 1
0.409709 2359 1
0.409709 2358 1
0.409709 2357 1
0.409709 2356 1
0.409709 2355 1
0.409709 2354 1
0.409709 2353 1
0.409709 2352 1
0.409709 2351 1
0.409709 2350 1
0.409709 2349 1
0.409709 2348 1
0.409709 2347 1
0.409709 2346 1
0.407767 2346 1
0.407767 2345 1
0.407767 2344 1
0.407767 2343 1
0.407767 2342 1
0.407767 2341 1
0.407767 2340 1
0.407767 2339 1
0.405825 2339 1
0.405825 2338 1
0.405825 2337 1
0.405825 2336 1
0.405825 2335 1
0.405825 2334 1
0.405825 2333 1
0.405825 2332 1
0.405825 2331 1
0.405825 2330 1
0.405825 2329 1
0.405825 2328 1
0.405825 2327 1
0.405825 2326 1
0.405825 2325 1
0.405825 2324 1
0.405825 2323 1
0.405825 2322 1
0.405825 2321 1
0.405825 2320 1
0.405825 2319 1
0.405825 2318 1
0.405825 2317 1
0.405825 2316 1
0.405825 2315 1
0.405825 2314 1
0.405825 2313 1
0.405825 2312 1
0.405825 2311 1
0.403883 2311 1
0.403883 2310 1
0.403883 2309 1
0.403883 2308 1
0.403883 2307 1
0.403883 2306 1
0.403883 2305 1
0.403883 2304 1
0.403883 2303 1
0.403883 2302 1
0.403883 2301 1
0.403883 2300 1
0.403883 2299 1
0.401942 2299 1
0.401942 2298 1
0.401942 2297 1
0.401942 2296 1
0.401942 2295 1
0.401942 2294 1
0.401942 2293 1
0.401942 2292 1
0.401942 2291 1
0.401942 2290 1
0.401942 2289 1
0.401942 2288 1
0.401942 2287 1
0.401942 2286 1
0.401942 2285 1
0.401942 2284 1
0.401942 2283 1
0.401942 2282 1
0.401942 2281 1
0.401942 2280 1
0.401942 2279 1
0.401942 2278 1
0.401942 2277 1
0.401942 2276 1
0.401942 2275 1
0.401942 2274 1
0.401942 2273 1
0.401942 2272 1
0.401942 2271 1
0.401942 2270 1
0.401942 2269 1
0.401942 2268 1
0.401942 2267 1
0.401942 2266 1
0.401942 2265 1
0.401942 2264 1
0.401942 2263 1
0.401942 2262 1
0.4 2262 1
0.4 2261 1
0.4 2260 1
0.4 2259 1
0.4 2258 1
0.4 2257 1
0.4 2256 1
0.4 2255 1
0.4 2254 1
0.4 2253 1
0.4 2252 1
0.4 2251 1
0.4 2250 1
0.4 2249 1
0.4 2248 1
0.398058 2248 1
0.398058 2247 1
0.398058 2246 1
0.396117 2246 1
0.396117 2245 1
0.396117 2244 1
0.396117 2243 1
0.396117 2242 1
0.396117 2241 1
0.396117 2240 1
0.396117 2239 1
0.396117 2238 1
0.396117 2237 1
0.396117 2236 1
0.396117 2235 1
0.396117 2234 1
0.394175 2234 1
0.394175 2233 1
0.394175 2232 1
0.394175 2231 1
0.394175 2230 1
0.394175 2229 1
0.394175 2228 1
0.394175 2227 1
0.394175 2226 1
0.394175 2225 1
0.394175 2224 1
0.394175 2223 1
0.394175 2222 1
0.394175 2221 1
0.394175 2220 1
0.394175 2219 1
0.394175 2218 1
0.394175 2217 1
0.394175 2216 1
0.394175 2215 1
0.394175 2214 1
0.394175 2213 1
0.394175 2212 1
0.394175 2211 1
0.394175 2210 1
0.394175 2209 1
0.394175 2208 1
0.394175 2207 1
0.394175 2206 1
0.394175 2205 1
0.392233 2205 1
0.392233 2204 1
0.392233 2203 1
0.392233 2202 1
0.392233 2201 1
0.392233 2200 1
0.392233 2199 1
0.390291 2199 1
0.390291 2198 1
0.390291 2197 1
0.390291 2196 1
0.390291 2195 1
0.390291 2194 1
0.390291 2193 1
0.390291 2192 1
0.390291 2191 1
0.390291 2190 1
0.390291 2189 1
0.390291 2188 1
0.390291 2187 1
0.390291 2186 1
0.390291 2185 1
0.38835 2185 1
0.38835 2184 1
0.38835 2183 1
0.38835 2182 1
0.38835 2181 1
0.38835 2180 1
0.38835 2179 1
0.38835 2178 1
0.38835 2177 1
0.38835 2176 1
0.386408 2176 1
0.386408 2175 1
0.386408 2174 1
0.384466 2174 1
0.384466 2173 1
0.384466 2172 1
0.384466 2171 1
0.384466 2170 1
0.384466 2169 1
0.384466 2168 1
0.384466 2167 1
0.384466 2166 1
0.384466 2165 1
0.384466 2164 1
0.384466 2163 1
0.384466 2162 1
0.384466 2161 1
0.384466 2160 1
0.384466 2159 1
0.384466 2158 1
0.384466 2157 1
0.384466 2156 1
0.384466 2155 1
0.384466 2154 1
0.384466 2153 1
0.384466 2152 1
0.384466 2151 1
0.384466 2150 1
0.382524 2150 1
0.382524 2149 1
0.382524 2148 1
0.382524 2147 1
0.382524 2146 1
0.382524 2145 1
0.382524 2144 1
0.382524 2143 1
0.382524 2142 1
0.382524 2141 1
0.382524 2140 1
0.382524 2139 1
0.382524 2138 1
0.382524 2137 1
0.382524 2136 1
0.382524 2135 1
0.382524 2134 1
0.382524 2133 1
0.382524 2132 1
0.382524 2131 1
0.382524 2130 1
0.382524 2129 1
0.382524 2128 1
0.382524 2127 1
0.382524 2126 1
0.382524 2125 1
0.382524 2124 1
0.382524 2123 1
0.382524 2122 1
0.382524 2121 1
0.382524 2120 1
0.382524 2119 1
0.382524 2118 1
0.382524 2117 1
0.382524 2116 1
0.382524 2115 1
0.382524 2114 1
0.382524 2113 1
0.382524 2112 1
0.382524 2111 1
0.382524 2110 1
0.382524 2109 1
0.382524 2108 1
0.382524 2107 1
0.382524 2106 1
0.382524 2105 1
0.382524 2104 1
0.382524 2103 1
0.382524 2102 1
0.382524 2101 1
0.382524 2100 1
0.382524 2099 1
0.382524 2098 1
0.382524 2097 1
0.382524 2096 1
0.382524 2095 1
0.382524 2094 1
0.382524 2093 1
0.382524 2092 1
0.382524 2091 1
0.382524 2090 1
0.382524 2089 1
0.382524 2088 1
0.382524 2087 1
0.382524 2086 1
0.382524 2085 1
0.382524 2084 1
0.382524 2083 1
0.382524 2082 1
0.382524 2081 1
0.382524 2080 1
0.382524 2079 1
0.382524 2078 1
0.382524 2077 1
0.382524 2076 1
0.382524 2075 1
0.380583 2075 1
0.380583 2074 1
0.380583 2073 1
0.380583 2072 1
0.380583 2071 1
0.380583 2070 1
0.380583 2069 1
0.380583 2068 1
0.380583 2067 1
0.380583 2066 1
0.380583 2065 1
0.380583 2064 1
0.380583 2063 1
0.380583 2062 1
0.380583 2061 1
0.380583 2060 1
0.380583 2059 1
0.380583 2058 1
0.380583 2057 1
0.380583 2056 1
0.380583 2055 1
0.380583 2054 1
0.380583 2053 1
0.380583 2052 1
0.380583 2051 1
0.380583 2050 1
0.380583 2049 1
0.380583 2048 1
0.380583 2047 1
0.380583 2046 1
0.380583 2045 1
0.380583 2044 1
0.380583 2043 1
0.380583 2042 1
0.380583 2041 1
0.380583 2040 1
0.380583 2039 1
0.380583 2038 1
0.380583 2037 1
0.380583 2036 1
0.380583 2035 1
0.380583 2034 1
0.380583 2033 1
0.380583 2032 1
0.380583 2031 1
0.380583 2030 1
0.380583 2029 1
0.380583 2028 1
0.380583 2027 1
0.380583 2026 1
0.380583 2025 1
0.380583 2024 1
0.380583 2023 1
0.380583 2022 1
0.380583 2021 1
0.380583 2020 1
0.380583 2019 1
0.380583 2018 1
0.380583 2017 1
0.380583 2016 1
0.380583 2015 1
0.380583 2014 1
0.380583 2013 1
0.380583 2012 1
0.380583 2011 1
0.380583 2010 1
0.380583 2009 1
0.380583 2008 1
0.380583 2007 1
0.380583 2006 1
0.380583 2005 1
0.380583 2004 1
0.380583 2003 1
0.380583 2002 1
0.380583 2001 1
0.380583 2000 1
0.378641 2000 1
0.378641 1999 1
0.378641 1998 1
0.378641 1997 1
0.378641 1996 1
0.378641 1995 1
0.378641 1994 1
0.378641 1993 1
0.378641 1992 1
0.378641 1991 1
0.378641 1990 1
0.378641 1989 1
0.378641 1988 1
0.378641 1987 1
0.378641 1986 1
0.378641 1985 1
0.378641 1984 1
0.378641 1983 1
0.378641 1982 1
0.378641 1981 1
0.378641 1980 1
0.378641 1979 1
0.376699 1979 1
0.376699 1978 1
0.376699 1977 1
0.376699 1976 1
0.376699 1975 1
0.376699 1974 1
0.376699 1973 1
0.376699 1972 1
0.376699 1971 1
0.376699 1970 1
0.376699 1969 1
0.376699 1968 1
0.374757 1968 1
0.374757 1967 1
0.374757 1966 1
0.374757 1965 1
0.374757 1964 1
0.374757 1963 1
0.374757 1962 1
0.374757 1961 1
0.374757 1960 1
0.374757 1959 1
0.374757 1958 1
0.374757 1957 1
0.374757 1956 1
0.374757 1955 1
0.374757 1954 1
0.374757 1953 1
0.374757 1952 1
0.374757 1951 1
0.374757 1950 1
0.374757 1949 1
0.374757 1948 1
0.374757 1947 1
0.374757 1946 1
0.374757 1945 1
0.374757 1944 1
0.374757 1943 1
0.374757 1942 1
0.374757 1941 1
0.374757 1940 1
0.374757 1939 1
0.374757 1938 1
0.374757 1937 1
0.374757 1936 1
0.374757 1935 1
0.374757 1934 1
0.374757 1933 1
0.374757 1932 1
0.374757 1931 1
0.374757 1930 1
0.374757 1929 1
0.374757 1928 1
0.374757 1927 1
0.374757 1926 1
0.374757 1925 1
0.374757 1924 1
0.374757 1923 1
0.374757 1922 1
0.374757 1921 1
0.374757 1920 1
0.372816 1920 1
0.372816 1919 1
0.372816 1918 1
0.370874 1918 1
0.370874 1917 1
0.370874 1916 1
0.370874 1915 1
0.370874 1914 1
0.370874 1913 1
0.370874 1912 1
0.368932 1912 1
0.368932 1911 1
0.368932 1910 1
0.368932 1909 1
0.368932 1908 1
0.368932 1907 1
0.368932 1906 1
0.368932 1905 1
0.368932 1904 1
0.368932 1903 1
0.368932 1902 1
0.368932 1901 1
0.368932 1900 1
0.368932 1899 1
0.368932 1898 1
0.368932 1897 1
0.368932 1896 1
0.368932 1895 1
0.368932 1894 1
0.368932 1893 1
0.368932 1892 1
0.368932 1891 1
0.368932 1890 1
0.368932 1889 1
0.368932 1888 1
0.368932 1887 1
0.368932 1886 1
0.368932 1885 1
0.368932 1884 1
0.368932 1883 1
0.368932 1882 1
0.368932 1881 1
0.368932 1880 1
0.368932 1879 1
0.368932 1878 1
0.368932 1877 1
0.368932 1876 1
0.368932 1875 1
0.368932 1874 1
0.368932 1873 1
0.368932 1872 1
0.368932 1871 1
0.368932 1870 1
0.368932 1869 1
0.36699 1869 1
0.36699 1868 1
0.36699 1867 1
0.36699 1866 1
0.36699 1865 1
0.36699 1864 1
0.365049 1864 1
0.365049 1863 1
0.365049 1862 1
0.365049 1861 1
0.363107 1861 1
0.363107 1860 1
0.363107 1859 1
0.363107 1858 1
0.363107 1857 1
0.363107 1856 1
0.363107 1855 1
0.363107 1854 1
0.363107 1853 1
0.363107 1852 1
0.363107 1851 1
0.363107 1850 1
0.363107 1849 1
0.363107 1848 1
0.363107 1847 1
0.363107 1846 1
0.363107 1845 1
0.363107 1844 1
0.363107 1843 1
0.363107 1842 1
0.363107 1841 1
0.361165 1841 1
0.361165 1840 1
0.361165 1839 1
0.361165 1838 1
0.361165 1837 1
0.361165 1836 1
0.361165 1835 1
0.361165 1834 1
0.361165 1833 1
0.361165 1832 1
0.361165 1831 1
0.361165 1830 1
0.359223 1830 1
0.359223 1829 1
0.359223 1828 1
0.359223 1827 1
0.359223 1826 1
0.359223 1825 1
0.359223 1824 1
0.359223 1823 1
0.359223 1822 1
0.359223 1821 1
0.359223 1820 1
0.359223 1819 1
0.359223 1818 1
0.359223 1817 1
0.359223 1816 1
0.359223 1815 1
0.359223 1814 1
0.357282 1814 1
0.357282 1813 1
0.357282 1812 1
0.357282 1811 1
0.357282 1810 1
0.357282 1809 1
0.357282 1808 1
0.357282 1807 1
0.357282 1806 1
0.357282 1805 1
0.357282 1804 1
0.357282 1803 1
0.357282 1802 1
0.357282 1801 1
0.35534 1801 1
0.35534 1800 1
0.35534 1799 1
0.35534 1798 1
0.35534 1797 1
0.353398 1797 1
0.353398 1796 1
0.353398 1795 1
0.353398 1794 1
0.353398 1793 1
0.353398 1792 1
0.353398 1791 1
0.353398 1790 1
0.353398 1789 1
0.353398 1788 1
0.353398 1787 1
0.353398 1786 1
0.353398 1785 1
0.353398 1784 1
0.353398 1783 1
0.353398 1782 1
0.353398 1781 1
0.353398 1780 1
0.353398 1779 1
0.353398 1778 1
0.353398 1777 1
0.353398 1776 1
0.353398 1775 1
0.353398 1774 1
0.353398 1773 1
0.353398 1772 1
0.353398 1771 1
0.353398 1770 1
0.353398 1769 1
0.353398 1768 1
0.353398 1767 1
0.353398 1766 1
0.353398 1765 1
0.353398 1764 1
0.353398 1763 1
0.353398 1762 1
0.353398 1761 1
0.353398 1760 1
0.353398 1759 1
0.353398 1758 1
0.353398 1757 1
0.353398 1756 1
0.353398 1755 1
0.353398 1754 1
0.351456 1754 1
0.351456 1753 1
0.351456 1752 1
0.351456 1751 1
0.351456 1750 1
0.351456 1749 1
0.351456 1748 1
0.351456 1747 1
0.351456 1746 1
0.351456 1745 1
0.351456 1744 1
0.351456 1743 1
0.351456 1742 1
0.351456 1741 1
0.351456 1740 1
0.351456 1739 1
0.351456 1738 1
0.351456 1737 1
0.351456 1736 1
0.351456 1735 1
0.351456 1734 1
0.351456 1733 1
0.351456 1732 1
0.351456 1731 1
0.351456 1730 1
0.351456 1729 1
0.351456 1728 1
0.351456 1727 1
0.351456 1726 1
0.351456 1725 1
0.351456 1724 1
0.351456 1723 1
0.351456 1722 1
0.351456 1721 1
0.351456 1720 1
0.351456 1719 1
0.351456 1718 1
0.351456 1717 1
0.351456 1716 1
0.351456 1715 1
0.351456 1714 1
0.351456 1713 1
0.351456 1712 1
0.351456 1711 1
0.351456 1710 1
0.351456 1709 1
0.351456 1708 1
0.351456 1707 1
0.351456 1706 1
0.351456 1705 1
0.351456 1704 1
0.351456 1703 1
0.349515 1703 1
0.349515 1702 1
0.349515 1701 1
0.349515 1700 1
0.349515 1699 1
0.349515 1698 1
0.349515 1697 1
0.349515 1696 1
0.349515 1695 1
0.349515 1694 1
0.349515 1693 1
0.349515 1692 1
0.349515 1691 1
0.349515 1690 1
0.349515 1689 1
0.349515 1688 1
0.349515 1687 1
0.349515 1686 1
0.349515 1685 1
0.347573 1685 1
0.347573 1684 1
0.347573 1683 1
0.345631 1683 1
0.345631 1682 1
0.345631 1681 1
0.345631 1680 1
0.345631 1679 1
0.345631 1678 1
0.345631 1677 1
0.345631 1676 1
0.345631 1675 1
0.345631 1674 1
0.345631 1673 1
0.345631 1672 1
0.345631 1671 1
0.345631 1670 1
0.345631 1669 1
0.345631 1668 1
0.345631 1667 1
0.345631 1666 1
0.345631 1665 1
0.345631 1664 1
0.345631 1663 1
0.345631 1662 1
0.345631 1661 1
0.345631 1660 1
0.345631 1659 1
0.345631 1658 1
0.345631 1657 1
0.345631 1656 1
0.345631 1655 1
0.345631 1654 1
0.345631 1653 1
0.345631 1652 1
0.345631 1651 1
0.345631 1650 1
0.345631 1649 1
0.345631 1648 1
0.343689 1648 1
0.343689 1647 1
0.343689 1646 1
0.343689 1645 1
0.343689 1644 1
0.343689 1643 1
0.343689 1642 1
0.343689 1641 1
0.343689 1640 1
0.343689 1639 1
0.343689 1638 1
0.343689 1637 1
0.343689 1636 1
0.343689 1635 1
0.343689 1634 1
0.343689 1633 1
0.343689 1632 1
0.343689 1631 1
0.343689 1630 1
0.341748 1630 1
0.341748 1629 1
0.341748 1628 1
0.341748 1627 1
0.341748 1626 1
0.341748 1625 1
0.341748 1624 1
0.341748 1623 1
0.341748 1622 1
0.341748 1621 1
0.341748 1620 1
0.339806 1620 1
0.339806 1619 1
0.339806 1618 1
0.337864 1618 1
0.337864 1617 1
0.337864 1616 1
0.337864 1615 1
0.337864 1614 1
0.337864 1613 1
0.335922 1613 1
0.335922 1612 1
0.335922 1611 1
0.335922 1610 1
0.335922 1609 1
0.335922 1608 1
0.335922 1607 1
0.335922 1606 1
0.335922 1605 1
0.335922 1604 1
0.335922 1603 1
0.335922 1602 1
0.335922 1601 1
0.335922 1600 1
0.333981 1600 1
0.333981 1599 1
0.333981 1598 1
0.333981 1597 1
0.333981 1596 1
0.333981 1595 1
0.333981 1594 1
0.333981 1593 1
0.333981 1592 1
0.333981 1591 1
0.333981 1590 1
0.333981 1589 1
0.333981 1588 1
0.333981 1587 1
0.333981 1586 1
0.333981 1585 1
0.333981 1584 1
0.333981 1583 1
0.333981 1582 1
0.333981 1581 1
0.333981 1580 1
0.333981 1579 1
0.333981 1578 1
0.333981 1577 1
0.333981 1576 1
0.333981 1575 1
0.333981 1574 1
0.333981 1573 1
0.333981 1572 1
0.333981 1571 1
0.333981 1570 1
0.333981 1569 1
0.333981 1568 1
0.333981 1567 1
0.333981 1566 1
0.333981 1565 1
0.333981 1564 1
0.333981 1563 1
0.333981 1562 1
0.332039 1562 1
0.332039 1561 1
0.332039 1560 1
0.332039 1559 1
0.332039 1558 1
0.332039 1557 1
0.332039 1556 1
0.332039 1555 1
0.332039 1554 1
0.332039 1553 1
0.332039 1552 1
0.332039 1551 1
0.332039 1550 1
0.332039 1549 1
0.332039 1548 1
0.332039 1547 1
0.332039 1546 1
0.332039 1545 1
0.332039 1544 1
0.332039 1543 1
0.332039 1542 1
0.332039 1541 1
0.330097 1541 1
0.330097 1540 1
0.330097 1539 1
0.330097 1538 1
0.330097 1537 1
0.328155 1537 1
0.328155 1536 1
0.328155 1535 1
0.328155 1534 1
0.326214 1534 1
0.326214 1533 1
0.326214 1532 1
0.326214 1531 1
0.326214 1530 1
0.326214 1529 1
0.326214 1528 1
0.326214 1527 1
0.326214 1526 1
0.326214 1525 1
0.326214 1524 1
0.326214 1523 1
0.326214 1522 1
0.326214 1521 1
0.326214 1520 1
0.326214 1519 1
0.326214 1518 1
0.326214 1517 1
0.326214 1516 1
0.326214 1515 1
0.326214 1514 1
0.326214 1513 1
0.324272 1513 1
0.324272 1512 1
0.324272 1511 1
0.324272 1510 1
0.324272 1509 1
0.324272 1508 1
0.324272 1507 1
0.324272 1506 1
0.324272 1505 1
0.324272 1504 1
0.324272 1503 1
0.324272 1502 1
0.324272 1501 1
0.324272 1500 1
0.324272 1499 1
0.324272 1498 1
0.32233 1498 1
0.32233 1497 1
0.32233 1496 1
0.32233 1495 1
0.32233 1494 1
0.32233 1493 1
0.320388 1493 1
0.320388 1492 1
0.320388 1491 1
0.318447 1491 1
0.318447 1490 1
0.318447 1489 1
0.318447 1488 1
0.318447 1487 1
0.318447 1486 1
0.318447 1485 1
0.318447 1484 1
0.318447 1483 1
0.318447 1482 1
0.318447 1481 1
0.318447 1480 1
0.318447 1479 1
0.318447 1478 1
0.318447 1477 1
0.318447 1476 1
0.318447 1475 1
0.318447 1474 1
0.318447 1473 1
0.318447 1472 1
0.318447 1471 1
0.318447 1470 1
0.318447 1469 1
0.318447 1468 1
0.318447 1467 1
0.318447 1466 1
0.318447 1465 1
0.318447 1464 1
0.318447 1463 1
0.318447 1462 1
0.318447 1461 1
0.318447 1460 1
0.318447 1459 1
0.318447 1458 1
0.318447 1457 1
0.318447 1456 1
0.318447 1455 1
0.318447 1454 1
0.318447 1453 1
0.318447 1452 1
0.318447 1451 1
0.318447 1450 1
0.318447 1449 1
0.318447 1448 1
0.318447 1447 1
0.318447 1446 1
0.318447 1445 1
0.318447 1444 1
0.318447 1443 1
0.318447 1442 1
0.318447 1441 1
0.316505 1441 1
0.316505 1440 1
0.316505 1439 1
0.316505 1438 1
0.316505 1437 1
0.316505 1436 1
0.316505 1435 1
0.316505 1434 1
0.316505 1433 1
0.316505 1432 1
0.316505 1431 1
0.316505 1430 1
0.316505 1429 1
0.316505 1428 1
0.316505 1427 1
0.316505 1426 1
0.316505 1425 1
0.316505 1424 1
0.316505 1423 1
0.316505 1422 1
0.316505 1421 1
0.316505 1420 1
0.316505 1419 1
0.316505 1418 1
0.316505 1417 1
0.316505 1416 1
0.316505 1415 1
0.316505 1414 1
0.316505 1413 1
0.316505 1412 1
0.316505 1411 1
0.316505 1410 1
0.316505 1409 1
0.316505 1408 1
0.316505 1407 1
0.316505 1406 1
0.316505 1405 1
0.316505 1404 1
0.316505 1403 1
0.316505 1402 1
0.316505 1401 1
0.316505 1400 1
0.316505 1399 1
0.316505 1398 1
0.316505 1397 1
0.316505 1396 1
0.316505 1395 1
0.316505 1394 1
0.316505 1393 1
0.316505 1392 1
0.316505 1391 1
0.316505 1390 1
0.316505 1389 1
0.316505 1388 1
0.316505 1387 1
0.316505 1386 1
0.316505 1385 1
0.316505 1384 1
0.316505 1383 1
0.316505 1382 1
0.316505 1381 1
0.316505 1380 1
0.316505 1379 1
0.316505 1378 1
0.316505 1377 1
0.316505 1376 1
0.316505 1375 1
0.316505 1374 1
0.314563 1374 1
0.314563 1373 1
0.314563 1372 1
0.314563 1371 1
0.314563 1370 1
0.314563 1369 1
0.314563 1368 1
0.314563 1367 1
0.314563 1366 1
0.314563 1365 1
0.314563 1364 1
0.314563 1363 1
0.314563 1362 1
0.314563 1361 1
0.314563 1360 1
0.314563 1359 1
0.314563 1358 1
0.314563 1357 1
0.314563 1356 1
0.314563 1355 1
0.314563 1354 1
0.314563 1353 1
0.314563 1352 1
0.314563 1351 1
0.314563 1350 1
0.314563 1349 1
0.314563 1348 1
0.314563 1347 1
0.314563 1346 1
0.314563 1345 1
0.314563 1344 1
0.314563 1343 1
0.314563 1342 1
0.314563 1341 1
0.314563 1340 1
0.314563 1339 1
0.314563 1338 1
0.314563 1337 1
0.314563 1336 1
0.314563 1335 1
0.314563 1334 1
0.314563 1333 1
0.314563 1332 1
0.314563 1331 1
0.314563 1330 1
0.314563 1329 1
0.314563 1328 1
0.314563 1327 1
0.314563 1326 1
0.314563 1325 1
0.314563 1324 1
0.314563 1323 1
0.314563 1322 1
0.314563 1321 1
0.314563 1320 1
0.314563 1319 1
0.314563 1318 1
0.314563 1317 1
0.314563 1316 1
0.314563 1315 1
0.314563 1314 1
0.314563 1313 1
0.314563 1312 1
0.314563 1311 1
0.312621 1311 1
0.312621 1310 1
0.312621 1309 1
0.312621 1308 1
0.312621 1307 1
0.312621 1306 1
0.312621 1305 1
0.312621 1304 1
0.312621 1303 1
0.312621 1302 1
0.312621 1301 1
0.312621 1300 1
0.312621 1299 1
0.312621 1298 1
0.312621 1297 1
0.312621 1296 1
0.312621 1295 1
0.312621 1294 1
0.312621 1293 1
0.312621 1292 1
0.312621 1291 1
0.312621 1290 1
0.312621 1289 1
0.312621 1288 1
0.31068 1288 1
0.31068 1287 1
0.31068 1286 1
0.31068 1285 1
0.31068 1284 1
0.31068 1283 1
0.31068 1282 1
0.31068 1281 1
0.31068 1280 1
0.308738 1280 1
0.308738 1279 1
0.308738 1278 1
0.308738 1277 1
0.308738 1276 1
0.308738 1275 1
0.308738 1274 1
0.308738 1273 1
0.308738 1272 1
0.308738 1271 1
0.308738 1270 1
0.308738 1269 1
0.308738 1268 1
0.308738 1267 1
0.308738 1266 1
0.308738 1265 1
0.308738 1264 1
0.308738 1263 1
0.308738 1262 1
0.308738 1261 1
0.308738 1260 1
0.308738 1259 1
0.308738 1258 1
0.306796 1258 1
0.306796 1257 1
0.306796 1256 1
0.306796 1255 1
0.306796 1254 1
0.306796 1253 1
0.306796 1252 1
0.306796 1251 1
0.306796 1250 1
0.306796 1249 1
0.304854 1249 1
0.304854 1248 1
0.304854 1247 1
0.304854 1246 1
0.304854 1245 1
0.304854 1244 1
0.304854 1243 1
0.304854 1242 1
0.302913 1242 1
0.302913 1241 1
0.302913 1240 1
0.302913 1239 1
0.302913 1238 1
0.302913 1237 1
0.302913 1236 1
0.302913 1235 1
0.302913 1234 1
0.302913 1233 1
0.302913 1232 1
0.302913 1231 1
0.302913 1230 1
0.302913 1229 1
0.302913 1228 1
0.302913 1227 1
0.302913 1226 1
0.302913 1225 1
0.302913 1224 1
0.302913 1223 1
0.302913 1222 1
0.302913 1221 1
0.302913 1220 1
0.302913 1219 1
0.302913 1218 1
0.302913 1217 1
0.302913 1216 1
0.302913 1215 1
0.302913 1214 1
0.302913 1213 1
0.302913 1212 1
0.302913 1211 1
0.302913 1210 1
0.302913 1209 1
0.302913 1208 1
0.300971 1208 1
0.300971 1207 1
0.300971 1206 1
0.300971 1205 1
0.300971 1204 1
0.300971 1203 1
0.300971 1202 1
0.300971 1201 1
0.300971 1200 1
0.300971 1199 1
0.300971 1198 1
0.300971 1197 1
0.300971 1196 1
0.300971 1195 1
0.300971 1194 1
0.300971 1193 1
0.300971 1192 1
0.300971 1191 1
0.300971 1190 1
0.300971 1189 1
0.300971 1188 1
0.300971 1187 1
0.300971 1186 1
0.300971 1185 1
0.300971 1184 1
0.300971 1183 1
0.300971 1182 1
0.300971 1181 1
0.300971 1180 1
0.300971 1179 1
0.300971 1178 1
0.300971 1177 1
0.300971 1176 1
0.300971 1175 1
0.300971 1174 1
0.300971 1173 1
0.300971 1172 1
0.300971 1171 1
0.300971 1170 1
0.300971 1169 1
0.300971 1168 1
0.300971 1167 1
0.300971 1166 1
0.300971 1165 1
0.300971 1164 1
0.300971 1163 1
0.300971 1162 1
0.300971 1161 1
0.300971 1160 1
0.300971 1159 1
0.300971 1158 1
0.300971 1157 1
0.300971 1156 1
0.300971 1155 1
0.300971 1154 1
0.300971 1153 1
0.300971 1152 1
0.300971 1151 1
0.299029 1151 1
0.299029 1150 1
0.299029 1149 1
0.299029 1148 1
0.297087 1148 1
0.297087 1147 1
0.297087 1146 1
0.297087 1145 1
0.297087 1144 1
0.297087 1143 1
0.297087 1142 1
0.297087 1141 1
0.297087 1140 1
0.297087 1139 1
0.297087 1138 1
0.297087 1137 1
0.297087 1136 1
0.297087 1135 1
0.297087 1134 1
0.297087 1133 1
0.297087 1132 1
0.297087 1131 1
0.297087 1130 1
0.297087 1129 1
0.297087 1128 1
0.297087 1127 1
0.297087 1126 1
0.297087 1125 1
0.297087 1124 1
0.297087 1123 1
0.297087 1122 1
0.297087 1121 1
0.297087 1120 1
0.297087 1119 1
0.297087 1118 1
0.297087 1117 1
0.297087 1116 1
0.297087 1115 1
0.297087 1114 1
0.297087 1113 1
0.297087 1112 1
0.295146 1112 1
0.295146 1111 1
0.295146 1110 1
0.295146 1109 1
0.295146 1108 1
0.295146 1107 1
0.295146 1106 1
0.295146 1105 1
0.295146 1104 1
0.295146 1103 1
0.295146 1102 1
0.295146 1101 1
0.295146 1100 1
0.295146 1099 1
0.295146 1098 1
0.295146 1097 1
0.295146 1096 1
0.295146 1095 1
0.295146 1094 1
0.293204 1094 1
0.293204 1093 1
0.293204 1092 1
0.293204 1091 1
0.293204 1090 1
0.293204 1089 1
0.293204 1088 1
0.293204 1087 1
0.293204 1086 1
0.293204 1085 1
0.293204 1084 1
0.293204 1083 1
0.293204 1082 1
0.293204 1081 1
0.293204 1080 1
0.293204 1079 1
0.293204 1078 1
0.293204 1077 1
0.293204 1076 1
0.293204 1075 1
0.293204 1074 1
0.293204 1073 1
0.293204 1072 1
0.293204 1071 1
0.293204 1070 1
0.293204 1069 1
0.291262 1069 1
0.291262 1068 1
0.291262 1067 1
0.291262 1066 1
0.291262 1065 1
0.291262 1064 1
0.291262 1063 1
0.291262 1062 1
0.291262 1061 1
0.291262 1060 1
0.291262 1059 1
0.291262 1058 1
0.291262 1057 1
0.291262 1056 1
0.291262 1055 1
0.28932 1055 1
0.28932 1054 1
0.28932 1053 1
0.28932 1052 1
0.28932 1051 1
0.28932 1050 1
0.28932 1049 1
0.28932 1048 1
0.28932 1047 1
0.28932 1046 1
0.287379 1046 1
0.287379 1045 1
0.287379 1044 1
0.287379 1043 1
0.287379 1042 1
0.287379 1041 1
0.287379 1040 1
0.287379 1039 1
0.287379 1038 1
0.287379 1037 1
0.287379 1036 1
0.287379 1035 1
0.287379 1034 1
0.287379 1033 1
0.287379 1032 1
0.287379 1031 1
0.287379 1030 1
0.287379 1029 1
0.287379 1028 1
0.287379 1027 1
0.287379 1026 1
0.287379 1025 1
0.287379 1024 1
0.287379 1023 1
0.287379 1022 1
0.287379 1021 1
0.287379 1020 1
0.287379 1019 1
0.287379 1018 1
0.287379 1017 1
0.287379 1016 1
0.287379 1015 1
0.287379 1014 1
0.287379 1013 1
0.287379 1012 1
0.287379 1011 1
0.287379 1010 1
0.287379 1009 1
0.287379 1008 1
0.287379 1007 1
0.287379 1006 1
0.287379 1005 1
0.287379 1004 1
0.287379 1003 1
0.287379 1002 1
0.287379 1001 1
0.287379 1000 1
0.287379 999 1
0.287379 998 1
0.287379 997 1
0.285437 997 1
0.285437 996 1
0.285437 995 1
0.285437 994 1
0.285437 993 1
0.285437 992 1
0.285437 991 1
0.285437 990 1
0.285437 989 1
0.285437 988 1
0.285437 987 1
0.285437 986 1
0.285437 985 1
0.285437 984 1
0.285437 983 1
0.285437 982 1
0.285437 981 1
0.283495 981 1
0.281553 981 1
0.281553 980 1
0.281553 979 1
0.281553 978 1
0.281553 977 1
0.281553 976 1
0.281553 975 1
0.281553 974 1
0.281553 973 1
0.281553 972 1
0.281553 971 1
0.281553 970 1
0.281553 969 1
0.281553 968 1
0.281553 967 1
0.281553 966 1
0.281553 965 1
0.281553 964 1
0.281553 963 1
0.281553 962 1
0.281553 961 1
0.281553 960 1
0.281553 959 1
0.281553 958 1
0.281553 957 1
0.281553 956 1
0.281553 955 1
0.281553 954 1
0.281553 953 1
0.281553 952 1
0.281553 951 1
0.281553 950 1
0.281553 949 1
0.281553 948 1
0.281553 947 1
0.281553 946 1
0.281553 945 1
0.281553 944 1
0.281553 943 1
0.281553 942 1
0.281553 941 1
0.281553 940 1
0.281553 939 1
0.281553 938 1
0.281553 937 1
0.281553 936 1
0.281553 935 1
0.281553 934 1
0.281553 933 1
0.281553 932 1
0.281553 931 1
0.281553 930 1
0.281553 929 1
0.281553 928 1
0.281553 927 1
0.281553 926 1
0.281553 925 1
0.281553 924 1
0.281553 923 1
0.281553 922 1
0.281553 921 1
0.281553 920 1
0.281553 919 1
0.279612 919 1
0.27767 919 1
0.27767 918 1
0.27767 917 1
0.27767 916 1
0.27767 915 1
0.27767 914 1
0.27767 913 1
0.27767 912 1
0.27767 911 1
0.27767 910 1
0.27767 909 1
0.275728 909 1
0.275728 908 1
0.275728 907 1
0.275728 906 1
0.275728 905 1
0.275728 904 1
0.275728 903 1
0.275728 902 1
0.275728 901 1
0.273786 901 1
0.273786 900 1
0.273786 899 1
0.273786 898 1
0.273786 897 1
0.273786 896 1
0.273786 895 1
0.273786 894 1
0.273786 893 1
0.273786 892 1
0.273786 891 1
0.273786 890 1
0.273786 889 1
0.273786 888 1
0.273786 887 1
0.273786 886 1
0.273786 885 1
0.273786 884 1
0.273786 883 1
0.273786 882 1
0.273786 881 1
0.273786 880 1
0.273786 879 1
0.273786 878 1
0.273786 877 1
0.273786 876 1
0.273786 875 1
0.273786 874 1
0.273786 873 1
0.273786 872 1
0.273786 871 1
0.273786 870 1
0.273786 869 1
0.273786 868 1
0.273786 867 1
0.273786 866 1
0.273786 865 1
0.273786 864 1
0.273786 863 1
0.273786 862 1
0.273786 861 1
0.271845 861 1
0.271845 860 1
0.271845 859 1
0.269903 859 1
0.269903 858 1
0.269903 857 1
0.269903 856 1
0.269903 855 1
0.269903 854 1
0.269903 853 1
0.269903 852 1
0.269903 851 1
0.267961 851 1
0.267961 850 1
0.267961 849 1
0.267961 848 1
0.267961 847 1
0.267961 846 1
0.267961 845 1
0.267961 844 1
0.267961 843 1
0.267961 842 1
0.266019 842 1
0.266019 841 1
0.266019 840 1
0.266019 839 1
0.266019 838 1
0.266019 837 1
0.266019 836 1
0.264078 836 1
0.264078 835 1
0.264078 834 1
0.264078 833 1
0.264078 832 1
0.264078 831 1
0.264078 830 1
0.264078 829 1
0.264078 828 1
0.262136 828 1
0.262136 827 1
0.262136 826 1
0.262136 825 1
0.262136 824 1
0.262136 823 1
0.262136 822 1
0.262136 821 1
0.262136 820 1
0.262136 819 1
0.262136 818 1
0.262136 817 1
0.262136 816 1
0.262136 815 1
0.262136 814 1
0.262136 813 1
0.262136 812 1
0.262136 811 1
0.262136 810 1
0.262136 809 1
0.262136 808 1
0.262136 807 1
0.262136 806 1
0.262136 805 1
0.262136 804 1
0.262136 803 1
0.262136 802 1
0.262136 801 1
0.262136 800 1
0.262136 799 1
0.262136 798 1
0.262136 797 1
0.262136 796 1
0.262136 795 1
0.262136 794 1
0.262136 793 1
0.262136 792 1
0.262136 791 1
0.262136 790 1
0.262136 789 1
0.262136 788 1
0.262136 787 1
0.262136 786 1
0.262136 785 1
0.262136 784 1
0.260194 784 1
0.260194 783 1
0.260194 782 1
0.260194 781 1
0.260194 780 1
0.260194 779 1
0.260194 778 1
0.258252 778 1
0.258252 777 1
0.258252 776 1
0.258252 775 1
0.258252 774 1
0.258252 773 1
0.258252 772 1
0.258252 771 1
0.258252 770 1
0.258252 769 1
0.258252 768 1
0.256311 768 1
0.256311 767 1
0.256311 766 1
0.256311 765 1
0.256311 764 1
0.256311 763 1
0.256311 762 1
0.256311 761 1
0.256311 760 1
0.256311 759 1
0.254369 759 1
0.254369 758 1
0.254369 757 1
0.254369 756 1
0.254369 755 1
0.254369 754 1
0.252427 754 1
0.252427 753 1
0.252427 752 1
0.252427 751 1
0.252427 750 1
0.252427 749 1
0.252427 748 1
0.250485 748 1
0.250485 747 1
0.250485 746 1
0.248544 746 1
0.248544 745 1
0.248544 744 1
0.248544 743 1
0.248544 742 1
0.248544 741 1
0.248544 740 1
0.248544 739 1
0.246602 739 1
0.246602 738 1
0.246602 737 1
0.246602 736 1
0.246602 735 1
0.246602 734 1
0.246602 733 1
0.246602 732 1
0.246602 731 1
0.246602 730 1
0.246602 729 1
0.246602 728 1
0.246602 727 1
0.246602 726 1
0.246602 725 1
0.246602 724 1
0.246602 723 1
0.246602 722 1
0.246602 721 1
0.246602 720 1
0.246602 719 1
0.246602 718 1
0.246602 717 1
0.246602 716 1
0.246602 715 1
0.246602 714 1
0.246602 713 1
0.246602 712 1
0.246602 711 1
0.246602 710 1
0.246602 709 1
0.246602 708 1
0.246602 707 1
0.246602 706 1
0.246602 705 1
0.246602 704 1
0.246602 703 1
0.246602 702 1
0.246602 701 1
0.246602 700 1
0.246602 699 1
0.24466 699 1
0.24466 698 1
0.24466 697 1
0.24466 696 1
0.24466 695 1
0.242718 695 1
0.242718 694 1
0.242718 693 1
0.242718 692 1
0.242718 691 1
0.242718 690 1
0.242718 689 1
0.242718 688 1
0.242718 687 1
0.242718 686 1
0.240777 686 1
0.240777 685 1
0.240777 684 1
0.240777 683 1
0.240777 682 1
0.240777 681 1
0.240777 680 1
0.240777 679 1
0.240777 678 1
0.240777 677 1
0.240777 676 1
0.240777 675 1
0.240777 674 1
0.240777 673 1
0.240777 672 1
0.240777 671 1
0.240777 670 1
0.240777 669 1
0.240777 668 1
0.240777 667 1
0.238835 667 1
0.238835 666 1
0.238835 665 1
0.236893 665 1
0.236893 664 1
0.236893 663 1
0.236893 662 1
0.236893 661 1
0.236893 660 1
0.236893 659 1
0.236893 658 1
0.236893 657 1
0.236893 656 1
0.236893 655 1
0.236893 654 1
0.236893 653 1
0.234951 653 1
0.234951 652 1
0.234951 651 1
0.234951 650 1
0.234951 649 1
0.234951 648 1
0.234951 647 1
0.234951 646 1
0.234951 645 1
0.234951 644 1
0.234951 643 1
0.234951 642 1
0.234951 640 1
0.234951 639 1
0.234951 638 1
0.234951 637 1
0.234951 636 1
0.234951 635 1
0.234951 634 1
0.234951 633 1
0.23301 633 1
0.23301 632 1
0.23301 631 1
0.23301 630 1
0.23301 629 1
0.23301 628 1
0.23301 627 1
0.231068 627 1
0.229126 627 1
0.229126 626 1
0.229126 625 1
0.229126 624 1
0.229126 623 1
0.229126 622 1
0.229126 621 1
0.229126 620 1
0.229126 619 1
0.229126 618 1
0.229126 617 1
0.229126 616 1
0.229126 615 1
0.229126 614 1
0.229126 613 1
0.229126 612 1
0.229126 611 1
0.229126 610 1
0.229126 609 1
0.227184 609 1
0.227184 608 1
0.227184 607 1
0.227184 606 1
0.227184 605 1
0.227184 604 1
0.225243 604 1
0.225243 603 1
0.225243 602 1
0.225243 601 1
0.225243 600 1
0.225243 599 1
0.225243 598 1
0.225243 597 1
0.225243 596 1
0.225243 595 1
0.225243 594 1
0.225243 593 1
0.225243 592 1
0.225243 591 1
0.225243 590 1
0.225243 589 1
0.225243 588 1
0.225243 587 1
0.225243 586 1
0.225243 585 1
0.225243 584 1
0.225243 583 1
0.225243 582 1
0.225243 581 1
0.225243 580 1
0.225243 579 1
0.225243 578 1
0.225243 577 1
0.225243 576 1
0.225243 575 1
0.225243 574 1
0.225243 573 1
0.225243 572 1
0.223301 572 1
0.223301 571 1
0.223301 570 1
0.223301 569 1
0.223301 568 1
0.223301 567 1
0.223301 566 1
0.223301 565 1
0.223301 564 1
0.221359 564 1
0.221359 563 1
0.221359 562 1
0.221359 561 1
0.221359 560 1
0.221359 559 1
0.221359 558 1
0.221359 557 1
0.219417 557 1
0.219417 556 1
0.219417 555 1
0.219417 554 1
0.219417 553 1
0.219417 552 1
0.219417 551 1
0.219417 550 1
0.219417 549 1
0.219417 548 1
0.219417 547 1
0.219417 546 1
0.217476 546 1
0.217476 545 1
0.217476 544 1
0.217476 543 1
0.217476 542 1
0.217476 541 1
0.217476 540 1
0.215534 540 1
0.215534 539 1
0.215534 538 1
0.215534 537 1
0.215534 536 1
0.215534 535 1
0.215534 534 1
0.215534 533 1
0.215534 532 1
0.215534 531 1
0.215534 530 1
0.215534 529 1
0.215534 528 1
0.215534 527 1
0.215534 526 1
0.215534 525 1
0.215534 524 1
0.215534 523 1
0.215534 522 1
0.215534 521 1
0.215534 520 1
0.215534 519 1
0.215534 518 1
0.215534 517 1
0.215534 516 1
0.215534 515 1
0.215534 514 1
0.215534 513 1
0.215534 512 1
0.215534 511 1
0.215534 510 1
0.215534 509 1
0.215534 508 1
0.213592 508 1
0.213592 507 1
0.213592 506 1
0.213592 505 1
0.213592 504 1
0.213592 503 1
0.213592 502 1
0.213592 501 1
0.213592 500 1
0.213592 499 1
0.213592 498 1
0.213592 497 1
0.213592 496 1
0.213592 495 1
0.213592 494 1
0.213592 493 1
0.213592 491 1
0.213592 490 1
0.213592 489 1
0.21165 489 1
0.21165 488 1
0.21165 487 1
0.21165 486 1
0.21165 485 1
0.21165 484 1
0.21165 483 1
0.21165 482 1
0.21165 481 1
0.21165 480 1
0.21165 479 1
0.21165 478 1
0.21165 477 1
0.209709 477 1
0.209709 476 1
0.209709 475 1
0.209709 474 1
0.209709 473 1
0.209709 471 1
0.209709 470 1
0.209709 469 1
0.209709 468 1
0.207767 468 1
0.207767 467 1
0.207767 466 1
0.207767 465 1
0.207767 464 1
0.207767 463 1
0.207767 462 1
0.207767 461 1
0.207767 460 1
0.207767 459 1
0.207767 458 1
0.207767 457 1
0.207767 456 1
0.207767 455 1
0.207767 454 1
0.205825 454 1
0.205825 453 1
0.205825 452 1
0.205825 451 1
0.203883 451 1
0.203883 450 1
0.203883 449 1
0.203883 448 1
0.203883 447 1
0.201942 447 1
0.201942 446 1
0.201942 445 1
0.2 445 1
0.2 444 1
0.2 443 1
0.2 442 1
0.2 441 1
0.198058 441 1
0.198058 440 1
0.198058 439 1
0.198058 438 1
0.198058 437 1
0.198058 436 1
0.198058 435 1
0.198058 434 1
0.198058 433 1
0.198058 432 1
0.198058 431 1
0.198058 430 1
0.198058 429 1
0.198058 428 1
0.198058 427 1
0.198058 426 1
0.198058 425 1
0.198058 424 1
0.198058 423 1
0.198058 422 1
0.198058 421 1
0.198058 420 1
0.198058 419 1
0.198058 417 1
0.198058 416 1
0.198058 415 1
0.198058 414 1
0.198058 413 1
0.198058 412 1
0.198058 411 1
0.196117 411 1
0.196117 409 1
0.196117 408 1
0.196117 407 1
0.196117 406 1
0.196117 404 1
0.196117 403 1
0.196117 402 1
0.196117 401 1
0.194175 401 1
0.194175 400 1
0.194175 399 1
0.194175 398 1
0.194175 397 1
0.194175 396 1
0.194175 394 1
0.192233 394 1
0.192233 393 1
0.192233 392 1
0.192233 391 1
0.192233 390 1
0.190291 390 1
0.190291 389 1
0.190291 388 1
0.190291 387 1
0.18835 387 1
0.18835 385 1
0.18835 384 1
0.18835 383 1
0.18835 382 1
0.18835 381 1
0.18835 380 1
0.186408 380 1
0.184466 379 1
0.184466 378 1
0.184466 377 1
0.184466 376 1
0.184466 375 1
0.184466 374 1
0.184466 373 1
0.184466 372 1
0.182524 372 1
0.182524 371 1
0.182524 370 1
0.180583 370 1
0.180583 369 1
0.180583 367 1
0.180583 366 1
0.180583 365 1
0.180583 364 1
0.178641 363 1
0.178641 362 1
0.178641 361 1
0.178641 360 1
0.178641 359 1
0.178641 358 1
0.176699 358 1
0.176699 357 1
0.176699 355 1
0.174757 355 1
0.174757 354 1
0.172816 353 1
0.172816 352 1
0.172816 351 1
0.172816 350 1
0.172816 349 1
0.172816 348 1
0.172816 347 1
0.172816 346 1
0.172816 345 1
0.172816 344 1
0.172816 343 1
0.172816 342 1
0.172816 341 1
0.172816 340 1
0.172816 339 1
0.172816 338 1
0.172816 336 1
0.172816 335 1
0.172816 334 1
0.172816 333 1
0.172816 332 1
0.172816 331 1
0.170874 331 1
0.170874 330 1
0.170874 329 1
0.168932 329 1
0.168932 328 1
0.168932 327 1
0.168932 325 1
0.16699 325 1
0.16699 324 1
0.165049 324 1
0.165049 323 1
0.165049 320 1
0.165049 319 1
0.165049 318 1
0.165049 317 1
0.165049 316 1
0.165049 315 1
0.165049 314 1
0.165049 313 1
0.165049 312 1
0.163107 310 1
0.163107 309 1
0.163107 307 1
0.163107 306 1
0.163107 305 1
0.163107 303 1
0.163107 302 1
0.161165 302 1
0.161165 301 1
0.161165 300 1
0.159223 300 1
0.159223 299 1
0.159223 298 1
0.159223 296 1
0.159223 295 1
0.159223 294 1
0.15534 293 1
0.153398 293 1
0.151456 292 1
0.149515 291 1
0.145631 290 1
0.145631 289 1
0.145631 287 1
0.143689 287 1
0.143689 285 1
0.143689 284 1
0.143689 283 1
0.141748 280 1
0.139806 278 1
0.139806 276 1
0.137864 276 1
0.137864 275 1
0.137864 273 1
0.137864 270 1
0.135922 267 1
0.135922 266 1
0.135922 263 1
0.135922 262 1
0.135922 259 1
0.135922 257 1
0.135922 253 1
0.133981 247 1
0.132039 245 1
0.132039 238 1
0.126214 237 1
0.118447 231 1
0.116505 225 1
0.114563 222 1
0.114563 217 1
0.106796 210 1
0.106796 199 1
0.102913 191 1
0.0893204 179 1
0.0873786 138 1
0 0 1.79769e+308
